0                   0                   0                   0                   0                   0                   0                   0                   0                   0
                   0         7.09875e-08         3.97778e-07         2.51333e-06         1.57427e-05         9.48843e-05         0.000559271          0.00326887           0.0190624            0.111111
                   0         3.97778e-07         1.30716e-06         5.79407e-06         3.25085e-05         0.000191048          0.00111996          0.00653917           0.0381258            0.222222
                   0         2.51333e-06         5.79407e-06         1.44411e-05         5.64295e-05         0.000295959          0.00169069          0.00981907           0.0571958            0.333333
                   0         1.57427e-05         3.25085e-05         5.64295e-05         0.000124571         0.000455501          0.00232317           0.0131606           0.0763083            0.444444
                   0         9.48843e-05         0.000191048         0.000295959         0.000455501         0.000939036          0.00332907           0.0168805           0.0956965            0.555556
                   0         0.000559271          0.00111996          0.00169069          0.00232317          0.00332907          0.00655283           0.0229216            0.116864            0.666667
                   0          0.00326887          0.00653917          0.00981907           0.0131606           0.0168805           0.0229216           0.0431404            0.149673            0.777778
                   0           0.0190624           0.0381258           0.0571958           0.0763083           0.0956965            0.116864            0.149673            0.259637            0.888889
                   0            0.111111            0.222222            0.333333            0.444444            0.555556            0.666667            0.777778            0.888889                   1
