0                   0                   0                   0                   0                   0                   0                   0                   0                   0
                   0           0.0123457           0.0246914            0.037037           0.0493827           0.0617284           0.0740741           0.0864198           0.0987654            0.111111
                   0           0.0246914           0.0493827           0.0740741           0.0987654            0.123457            0.148148             0.17284            0.197531            0.222222
                   0            0.037037           0.0740741            0.111111            0.148148            0.185185            0.222222            0.259259            0.296296            0.333333
                   0           0.0493827           0.0987654            0.148148            0.197531            0.246914            0.296296            0.345679            0.395062            0.444444
                   0           0.0617284            0.123457            0.185185            0.246914            0.308642             0.37037            0.432099            0.493827            0.555556
                   0           0.0740741            0.148148            0.222222            0.296296             0.37037            0.444444            0.518519            0.592593            0.666667
                   0           0.0864198             0.17284            0.259259            0.345679            0.432099            0.518519            0.604938            0.691358            0.777778
                   0           0.0987654            0.197531            0.296296            0.395062            0.493827            0.592593            0.691358            0.790123            0.888889
                   0            0.111111            0.222222            0.333333            0.444444            0.555556            0.666667            0.777778            0.888889                   1
