0                   0                   0                   0                   0                   0                   0                   0                   0                   0                   0                   0                   0                   0                   0                   0                   0                   0                   0                   0                   0                   0                   0                   0                   0                   0                   0                   0                   0                   0                   0                   0                   0                   0                   0                   0                   0                   0                   0                   0                   0                   0                   0                   0                   0                   0                   0                   0                   0                   0                   0                   0                   0                   0                   0                   0                   0                   0                   0                   0                   0                   0                   0                   0                   0                   0                   0                   0                   0                   0                   0                   0                   0                   0                   0                   0                   0                   0                   0                   0                   0                   0                   0                   0                   0                   0                   0                   0                   0                   0                   0                   0                   0                   0                   0                   0                   0                   0                   0                   0
                   0         3.18641e+71        -6.36961e+71         9.54639e+71        -1.27136e+72         1.58679e+72        -1.90063e+72         2.21256e+72        -2.52226e+72         2.82941e+72        -3.13372e+72         3.43488e+72        -3.73257e+72         4.02651e+72        -4.31639e+72         4.60193e+72        -4.88283e+72         5.15881e+72        -5.42961e+72         5.69493e+72        -5.95452e+72         6.20811e+72        -6.45546e+72          6.6963e+72         -6.9304e+72         7.15752e+72        -7.37744e+72         7.58993e+72        -7.79477e+72         7.99177e+72        -8.18071e+72         8.36143e+72        -8.53372e+72         8.69742e+72        -8.85236e+72         8.99839e+72        -9.13536e+72         9.26313e+72        -9.38157e+72         9.49056e+72           -9.59e+72         9.67979e+72        -9.75982e+72         9.83003e+72        -9.89034e+72          9.9407e+72        -9.98104e+72         1.00113e+73        -1.00315e+73         1.00417e+73        -1.00417e+73         1.00315e+73        -1.00113e+73         9.98104e+72         -9.9407e+72         9.89035e+72        -9.83004e+72         9.75983e+72        -9.67979e+72         9.59001e+72        -9.49057e+72         9.38158e+72        -9.26313e+72         9.13537e+72         -8.9984e+72         8.85237e+72        -8.69743e+72         8.53373e+72        -8.36144e+72         8.18073e+72        -7.99178e+72         7.79478e+72        -7.58994e+72         7.37745e+72        -7.15754e+72         6.93041e+72        -6.69631e+72         6.45547e+72        -6.20813e+72         5.95453e+72        -5.69494e+72         5.42962e+72        -5.15883e+72         4.88284e+72        -4.60194e+72          4.3164e+72        -4.02652e+72         3.73258e+72        -3.43488e+72         3.13373e+72        -2.82942e+72         2.52226e+72        -2.21256e+72         1.90064e+72         -1.5868e+72         1.27136e+72        -9.54641e+71         6.36962e+71        -3.18641e+71            0.010101
                   0        -6.36961e+71         1.27328e+72        -1.90832e+72         2.54143e+72        -3.17199e+72         3.79935e+72        -4.42289e+72         5.04197e+72        -5.65598e+72         6.26429e+72        -6.86629e+72         7.46138e+72        -8.04896e+72         8.62844e+72        -9.19922e+72         9.76074e+72        -1.03124e+73         1.08537e+73        -1.13841e+73          1.1903e+73          -1.241e+73         1.29044e+73        -1.33859e+73         1.38538e+73        -1.43078e+73         1.47474e+73        -1.51722e+73         1.55817e+73        -1.59755e+73         1.63532e+73        -1.67144e+73         1.70588e+73        -1.73861e+73         1.76958e+73        -1.79877e+73         1.82615e+73        -1.85169e+73         1.87537e+73        -1.89716e+73         1.91703e+73        -1.93498e+73         1.95098e+73        -1.96502e+73         1.97707e+73        -1.98714e+73          1.9952e+73        -2.00126e+73          2.0053e+73        -2.00732e+73         2.00732e+73         -2.0053e+73         2.00126e+73         -1.9952e+73         1.98714e+73        -1.97707e+73         1.96502e+73        -1.95098e+73         1.93498e+73        -1.91704e+73         1.89716e+73        -1.87537e+73         1.85169e+73        -1.82615e+73         1.79877e+73        -1.76958e+73         1.73861e+73        -1.70589e+73         1.67145e+73        -1.63532e+73         1.59755e+73        -1.55817e+73         1.51722e+73        -1.47475e+73         1.43079e+73        -1.38539e+73         1.33859e+73        -1.29044e+73           1.241e+73        -1.19031e+73         1.13842e+73        -1.08538e+73         1.03125e+73        -9.76076e+72         9.19924e+72        -8.62845e+72         8.04898e+72         -7.4614e+72         6.86631e+72        -6.26431e+72         5.65599e+72        -5.04198e+72          4.4229e+72        -3.79936e+72           3.172e+72        -2.54144e+72         1.90832e+72        -1.27328e+72         6.36962e+71            0.020202
                   0         9.54639e+71        -1.90832e+72         2.86007e+72        -3.80895e+72         4.75399e+72        -5.69424e+72         6.62877e+72        -7.55661e+72         8.47685e+72        -9.38855e+72         1.02908e+73        -1.11827e+73         1.20633e+73        -1.29318e+73         1.37873e+73        -1.46288e+73         1.54557e+73         -1.6267e+73         1.70619e+73        -1.78396e+73         1.85993e+73        -1.93404e+73         2.00619e+73        -2.07633e+73         2.14438e+73        -2.21026e+73         2.27392e+73        -2.33529e+73         2.39431e+73        -2.45092e+73         2.50506e+73        -2.55668e+73         2.60572e+73        -2.65214e+73         2.69589e+73        -2.73693e+73         2.77521e+73        -2.81069e+73         2.84335e+73        -2.87314e+73         2.90004e+73        -2.92402e+73         2.94505e+73        -2.96312e+73         2.97821e+73        -2.99029e+73         2.99937e+73        -3.00542e+73         3.00845e+73        -3.00845e+73         3.00542e+73        -2.99937e+73         2.99029e+73        -2.97821e+73         2.96312e+73        -2.94505e+73         2.92402e+73        -2.90004e+73         2.87314e+73        -2.84335e+73          2.8107e+73        -2.77521e+73         2.73693e+73         -2.6959e+73         2.65215e+73        -2.60573e+73         2.55668e+73        -2.50506e+73         2.45092e+73        -2.39432e+73          2.3353e+73        -2.27393e+73         2.21026e+73        -2.14438e+73         2.07633e+73         -2.0062e+73         1.93404e+73        -1.85994e+73         1.78396e+73        -1.70619e+73          1.6267e+73        -1.54557e+73         1.46289e+73        -1.37873e+73         1.29318e+73        -1.20633e+73         1.11827e+73        -1.02908e+73         9.38857e+72        -8.47687e+72         7.55663e+72        -6.62878e+72         5.69426e+72          -4.754e+72         3.80896e+72        -2.86008e+72         1.90832e+72        -9.54641e+71            0.030303
                   0        -1.27136e+72         2.54143e+72        -3.80895e+72         5.07263e+72        -6.33121e+72          7.5834e+72        -8.82797e+72         1.00636e+73        -1.12892e+73         1.25034e+73        -1.37049e+73         1.48927e+73        -1.60655e+73         1.72221e+73        -1.83614e+73         1.94822e+73        -2.05833e+73         2.16638e+73        -2.27224e+73         2.37582e+73          -2.477e+73         2.57569e+73        -2.67178e+73         2.76519e+73        -2.85581e+73         2.94355e+73        -3.02833e+73         3.11006e+73        -3.18866e+73         3.26405e+73        -3.33616e+73          3.4049e+73        -3.47021e+73         3.53204e+73         -3.5903e+73         3.64495e+73        -3.69593e+73         3.74319e+73        -3.78667e+73         3.82635e+73        -3.86217e+73         3.89411e+73        -3.92212e+73         3.94618e+73        -3.96627e+73         3.98237e+73        -3.99446e+73         4.00252e+73        -4.00656e+73         4.00656e+73        -4.00252e+73         3.99446e+73        -3.98237e+73         3.96628e+73        -3.94619e+73         3.92212e+73        -3.89411e+73         3.86218e+73        -3.82635e+73         3.78668e+73        -3.74319e+73         3.69593e+73        -3.64495e+73          3.5903e+73        -3.53204e+73         3.47022e+73         -3.4049e+73         3.33616e+73        -3.26406e+73         3.18867e+73        -3.11007e+73         3.02834e+73        -2.94356e+73         2.85581e+73        -2.76519e+73         2.67179e+73        -2.57569e+73           2.477e+73        -2.37582e+73         2.27225e+73        -2.16638e+73         2.05834e+73        -1.94822e+73         1.83614e+73        -1.72222e+73         1.60656e+73        -1.48928e+73          1.3705e+73        -1.25034e+73         1.12892e+73        -1.00637e+73         8.82799e+72        -7.58342e+72         6.33122e+72        -5.07264e+72         3.80896e+72        -2.54144e+72         1.27136e+72            0.040404
                   0         1.58679e+72        -3.17199e+72         4.75399e+72        -6.33121e+72         7.90204e+72        -9.46493e+72         1.10183e+73        -1.25605e+73         1.40902e+73        -1.56056e+73         1.71053e+73        -1.85878e+73         2.00515e+73        -2.14951e+73         2.29171e+73        -2.43159e+73         2.56903e+73        -2.70388e+73         2.83601e+73        -2.96528e+73         3.09157e+73        -3.21474e+73         3.33468e+73        -3.45126e+73         3.56436e+73        -3.67388e+73         3.77969e+73         -3.8817e+73         3.97981e+73         -4.0739e+73         4.16389e+73        -4.24969e+73         4.33121e+73        -4.40837e+73         4.48109e+73         -4.5493e+73         4.61293e+73        -4.67191e+73         4.72619e+73        -4.77571e+73         4.82042e+73        -4.86028e+73         4.89524e+73        -4.92527e+73         4.95035e+73        -4.97044e+73         4.98553e+73        -4.99559e+73         5.00063e+73        -5.00063e+73         4.99559e+73        -4.98553e+73         4.97044e+73        -4.95035e+73         4.92528e+73        -4.89524e+73         4.86028e+73        -4.82042e+73         4.77571e+73        -4.72619e+73         4.67192e+73        -4.61293e+73         4.54931e+73         -4.4811e+73         4.40838e+73        -4.33122e+73          4.2497e+73         -4.1639e+73         4.07391e+73        -3.97981e+73         3.88171e+73         -3.7797e+73         3.67388e+73        -3.56437e+73         3.45127e+73        -3.33469e+73         3.21475e+73        -3.09157e+73         2.96529e+73        -2.83601e+73         2.70389e+73        -2.56904e+73          2.4316e+73        -2.29171e+73         2.14952e+73        -2.00516e+73         1.85878e+73        -1.71053e+73         1.56056e+73        -1.40902e+73         1.25606e+73        -1.10183e+73         9.46495e+72        -7.90206e+72         6.33122e+72          -4.754e+72           3.172e+72         -1.5868e+72           0.0505051
                   0        -1.90063e+72         3.79935e+72        -5.69424e+72          7.5834e+72        -9.46493e+72         1.13369e+73        -1.31975e+73         1.50448e+73        -1.68769e+73         1.86921e+73        -2.04884e+73         2.22641e+73        -2.40174e+73         2.57465e+73        -2.74496e+73         2.91252e+73        -3.07714e+73         3.23866e+73        -3.39692e+73         3.55176e+73        -3.70303e+73         3.85056e+73        -3.99422e+73         4.13386e+73        -4.26933e+73         4.40051e+73        -4.52725e+73         4.64944e+73        -4.76694e+73         4.87964e+73        -4.98744e+73          5.0902e+73        -5.18785e+73         5.28027e+73        -5.36737e+73         5.44907e+73        -5.52528e+73         5.59593e+73        -5.66095e+73         5.72026e+73        -5.77381e+73         5.82155e+73        -5.86343e+73         5.89941e+73        -5.92944e+73          5.9535e+73        -5.97157e+73         5.98363e+73        -5.98966e+73         5.98966e+73        -5.98363e+73         5.97157e+73        -5.95351e+73         5.92944e+73        -5.89941e+73         5.86343e+73        -5.82156e+73         5.77382e+73        -5.72026e+73         5.66095e+73        -5.59594e+73         5.52529e+73        -5.44908e+73         5.36738e+73        -5.28028e+73         5.18786e+73        -5.09021e+73         4.98744e+73        -4.87965e+73         4.76695e+73        -4.64944e+73         4.52726e+73        -4.40051e+73         4.26934e+73        -4.13386e+73         3.99423e+73        -3.85057e+73         3.70303e+73        -3.55177e+73         3.39693e+73        -3.23867e+73         3.07714e+73        -2.91252e+73         2.74497e+73        -2.57465e+73         2.40174e+73        -2.22642e+73         2.04885e+73        -1.86921e+73          1.6877e+73        -1.50448e+73         1.31975e+73        -1.13369e+73         9.46495e+72        -7.58342e+72         5.69426e+72        -3.79936e+72         1.90064e+72           0.0606061
                   0         2.21256e+72        -4.42289e+72         6.62877e+72        -8.82797e+72         1.10183e+73        -1.31975e+73         1.53634e+73        -1.75139e+73         1.96467e+73        -2.17598e+73         2.38509e+73         -2.5918e+73          2.7959e+73        -2.99719e+73         3.19546e+73        -3.39051e+73         3.58215e+73        -3.77018e+73         3.95441e+73        -4.13466e+73         4.31075e+73         -4.4825e+73         4.64974e+73        -4.81229e+73            4.97e+73         -5.1227e+73         5.27025e+73        -5.41249e+73         5.54927e+73        -5.68048e+73         5.80596e+73        -5.92559e+73         6.03926e+73        -6.14685e+73         6.24825e+73        -6.34335e+73         6.43207e+73        -6.51432e+73            6.59e+73        -6.65905e+73         6.72139e+73        -6.77697e+73         6.82572e+73         -6.8676e+73         6.90256e+73        -6.93057e+73         6.95161e+73        -6.96564e+73         6.97266e+73        -6.97267e+73         6.96564e+73        -6.95161e+73         6.93058e+73        -6.90256e+73          6.8676e+73        -6.82572e+73         6.77697e+73         -6.7214e+73         6.65905e+73        -6.59001e+73         6.51432e+73        -6.43208e+73         6.34336e+73        -6.24825e+73         6.14686e+73        -6.03927e+73          5.9256e+73        -5.80597e+73         5.68048e+73        -5.54928e+73         5.41249e+73        -5.27026e+73         5.12271e+73        -4.97001e+73          4.8123e+73        -4.64975e+73         4.48251e+73        -4.31076e+73         4.13467e+73        -3.95442e+73         3.77019e+73        -3.58216e+73         3.39052e+73        -3.19547e+73          2.9972e+73        -2.79591e+73         2.59181e+73        -2.38509e+73         2.17598e+73        -1.96468e+73         1.75139e+73        -1.53635e+73         1.31975e+73        -1.10183e+73         8.82799e+72        -6.62878e+72          4.4229e+72        -2.21256e+72           0.0707071
                   0        -2.52226e+72         5.04197e+72        -7.55661e+72         1.00636e+73        -1.25605e+73         1.50448e+73        -1.75139e+73         1.99654e+73        -2.23967e+73         2.48055e+73        -2.71894e+73         2.95458e+73        -3.18725e+73         3.41671e+73        -3.64274e+73         3.86509e+73        -4.08355e+73          4.2979e+73        -4.50792e+73          4.7134e+73        -4.91414e+73         5.10993e+73        -5.30057e+73         5.48588e+73        -5.66566e+73         5.83974e+73        -6.00794e+73         6.17009e+73        -6.32602e+73         6.47559e+73        -6.61863e+73         6.75501e+73        -6.88459e+73         7.00724e+73        -7.12283e+73         7.23125e+73        -7.33239e+73         7.42614e+73        -7.51242e+73         7.59113e+73         -7.6622e+73         7.72556e+73        -7.78113e+73         7.82887e+73        -7.86873e+73         7.90067e+73        -7.92464e+73         7.94064e+73        -7.94865e+73         7.94865e+73        -7.94064e+73         7.92465e+73        -7.90067e+73         7.86873e+73        -7.82888e+73         7.78114e+73        -7.72556e+73         7.66221e+73        -7.59114e+73         7.51243e+73        -7.42615e+73          7.3324e+73        -7.23126e+73         7.12284e+73        -7.00725e+73          6.8846e+73        -6.75502e+73         6.61864e+73         -6.4756e+73         6.32603e+73         -6.1701e+73         6.00795e+73        -5.83975e+73         5.66567e+73        -5.48589e+73         5.30058e+73        -5.10994e+73         4.91415e+73        -4.71341e+73         4.50793e+73        -4.29791e+73         4.08356e+73         -3.8651e+73         3.64274e+73        -3.41672e+73         3.18726e+73        -2.95459e+73         2.71894e+73        -2.48056e+73         2.23968e+73        -1.99654e+73         1.75139e+73        -1.50448e+73         1.25606e+73        -1.00637e+73         7.55663e+72        -5.04198e+72         2.52226e+72           0.0808081
                   0         2.82941e+72        -5.65598e+72         8.47685e+72        -1.12892e+73         1.40902e+73        -1.68769e+73         1.96467e+73        -2.23967e+73         2.51242e+73        -2.78263e+73         3.05005e+73        -3.31439e+73         3.57539e+73         -3.8328e+73         4.08634e+73        -4.33578e+73         4.58084e+73        -4.82129e+73         5.05689e+73         -5.2874e+73         5.51258e+73        -5.73221e+73         5.94607e+73        -6.15395e+73         6.35562e+73         -6.5509e+73         6.73958e+73        -6.92147e+73          7.0964e+73        -7.26418e+73         7.42464e+73        -7.57763e+73         7.72299e+73        -7.86058e+73         7.99024e+73        -8.11187e+73         8.22532e+73        -8.33049e+73         8.42728e+73        -8.51558e+73          8.5953e+73        -8.66637e+73         8.72871e+73        -8.78227e+73         8.82698e+73         -8.8628e+73          8.8897e+73        -8.90765e+73         8.91663e+73        -8.91663e+73         8.90765e+73         -8.8897e+73          8.8628e+73        -8.82698e+73         8.78227e+73        -8.72872e+73         8.66637e+73        -8.59531e+73         8.51558e+73        -8.42728e+73          8.3305e+73        -8.22533e+73         8.11187e+73        -7.99025e+73         7.86058e+73          -7.723e+73         7.57764e+73        -7.42465e+73         7.26419e+73        -7.09641e+73         6.92148e+73        -6.73959e+73         6.55091e+73        -6.35563e+73         6.15396e+73        -5.94608e+73         5.73222e+73        -5.51259e+73         5.28741e+73         -5.0569e+73          4.8213e+73        -4.58085e+73         4.33579e+73        -4.08635e+73         3.83281e+73         -3.5754e+73          3.3144e+73        -3.05005e+73         2.78264e+73        -2.51242e+73         2.23968e+73        -1.96468e+73          1.6877e+73        -1.40902e+73         1.12892e+73        -8.47687e+72         5.65599e+72        -2.82942e+72           0.0909091
                   0        -3.13372e+72         6.26429e+72        -9.38855e+72         1.25034e+73        -1.56056e+73         1.86921e+73        -2.17598e+73         2.48055e+73        -2.78263e+73         3.08191e+73        -3.37808e+73         3.67086e+73        -3.95993e+73         4.24502e+73        -4.52584e+73          4.8021e+73        -5.07352e+73         5.33983e+73        -5.60077e+73         5.85607e+73        -6.10547e+73         6.34872e+73        -6.58558e+73         6.81581e+73        -7.03918e+73         7.25546e+73        -7.46443e+73         7.66589e+73        -7.85963e+73         8.04546e+73        -8.22318e+73         8.39262e+73        -8.55362e+73           8.706e+73        -8.84961e+73         8.98431e+73        -9.10997e+73         9.22645e+73        -9.33365e+73         9.43144e+73        -9.51974e+73         9.59845e+73         -9.6675e+73         9.72682e+73        -9.77634e+73         9.81601e+73         -9.8458e+73         9.86568e+73        -9.87563e+73         9.87563e+73        -9.86568e+73         9.84581e+73        -9.81602e+73         9.77634e+73        -9.72682e+73         9.66751e+73        -9.59846e+73         9.51975e+73        -9.43145e+73         9.33365e+73        -9.22646e+73         9.10998e+73        -8.98432e+73         8.84962e+73        -8.70601e+73         8.55363e+73        -8.39263e+73         8.22319e+73        -8.04547e+73         7.85964e+73         -7.6659e+73         7.46445e+73        -7.25547e+73         7.03919e+73        -6.81583e+73          6.5856e+73        -6.34874e+73         6.10548e+73        -5.85608e+73         5.60078e+73        -5.33985e+73         5.07353e+73        -4.80211e+73         4.52585e+73        -4.24503e+73         3.95994e+73        -3.67087e+73         3.37809e+73        -3.08192e+73         2.78264e+73        -2.48056e+73         2.17598e+73        -1.86921e+73         1.56056e+73        -1.25034e+73         9.38857e+72        -6.26431e+72         3.13373e+72             0.10101
                   0         3.43488e+72        -6.86629e+72         1.02908e+73        -1.37049e+73         1.71053e+73        -2.04884e+73         2.38509e+73        -2.71894e+73         3.05005e+73        -3.37808e+73         3.70272e+73        -4.02363e+73         4.34049e+73        -4.65297e+73         4.96078e+73        -5.26358e+73         5.56109e+73          -5.853e+73         6.13901e+73        -6.41884e+73         6.69221e+73        -6.95884e+73         7.21847e+73        -7.47082e+73         7.71565e+73        -7.95272e+73         8.18177e+73        -8.40259e+73         8.61495e+73        -8.81863e+73         9.01343e+73        -9.19916e+73         9.37563e+73        -9.54265e+73         9.70007e+73        -9.84771e+73         9.98545e+73        -1.01131e+74         1.02306e+74        -1.03378e+74         1.04346e+74        -1.05209e+74         1.05966e+74        -1.06616e+74         1.07159e+74        -1.07593e+74          1.0792e+74        -1.08138e+74         1.08247e+74        -1.08247e+74         1.08138e+74         -1.0792e+74         1.07593e+74        -1.07159e+74         1.06616e+74        -1.05966e+74         1.05209e+74        -1.04346e+74         1.03378e+74        -1.02306e+74         1.01131e+74        -9.98546e+73         9.84772e+73        -9.70008e+73         9.54266e+73        -9.37564e+73         9.19917e+73        -9.01345e+73         8.81864e+73        -8.61496e+73          8.4026e+73        -8.18179e+73         7.95273e+73        -7.71567e+73         7.47083e+73        -7.21848e+73         6.95886e+73        -6.69222e+73         6.41886e+73        -6.13902e+73         5.85301e+73         -5.5611e+73         5.26359e+73        -4.96079e+73         4.65299e+73         -4.3405e+73         4.02364e+73        -3.70273e+73         3.37809e+73        -3.05005e+73         2.71894e+73         -2.3851e+73         2.04885e+73        -1.71053e+73          1.3705e+73        -1.02908e+73         6.86631e+72        -3.43489e+72            0.111111
                   0        -3.73257e+72         7.46138e+72        -1.11827e+73         1.48927e+73        -1.85878e+73         2.22641e+73         -2.5918e+73         2.95458e+73        -3.31439e+73         3.67086e+73        -4.02363e+73         4.37235e+73        -4.71667e+73         5.05624e+73        -5.39072e+73         5.71977e+73        -6.04306e+73         6.36027e+73        -6.67107e+73         6.97515e+73        -7.27221e+73         7.56195e+73        -7.84408e+73          8.1183e+73        -8.38436e+73         8.64197e+73        -8.89087e+73         9.13083e+73        -9.36159e+73         9.58293e+73        -9.79461e+73         9.99644e+73        -1.01882e+74         1.03697e+74        -1.05408e+74         1.07012e+74        -1.08509e+74         1.09896e+74        -1.11173e+74         1.12338e+74        -1.13389e+74         1.14327e+74        -1.15149e+74         1.15856e+74        -1.16446e+74         1.16918e+74        -1.17273e+74          1.1751e+74        -1.17628e+74         1.17628e+74         -1.1751e+74         1.17273e+74        -1.16918e+74         1.16446e+74        -1.15856e+74          1.1515e+74        -1.14327e+74          1.1339e+74        -1.12338e+74         1.11173e+74        -1.09896e+74         1.08509e+74        -1.07012e+74         1.05408e+74        -1.03697e+74         1.01882e+74        -9.99645e+73         9.79463e+73        -9.58294e+73         9.36161e+73        -9.13084e+73         8.89089e+73        -8.64198e+73         8.38437e+73        -8.11832e+73         7.84409e+73        -7.56197e+73         7.27223e+73        -6.97517e+73         6.67108e+73        -6.36028e+73         6.04307e+73        -5.71978e+73         5.39073e+73        -5.05625e+73         4.71668e+73        -4.37236e+73         4.02364e+73        -3.67087e+73          3.3144e+73        -2.95459e+73         2.59181e+73        -2.22642e+73         1.85878e+73        -1.48928e+73         1.11827e+73         -7.4614e+72         3.73258e+72            0.121212
                   0         4.02651e+72        -8.04896e+72         1.20633e+73        -1.60655e+73         2.00515e+73        -2.40174e+73          2.7959e+73        -3.18725e+73         3.57539e+73        -3.95993e+73         4.34049e+73        -4.71667e+73          5.0881e+73        -5.45441e+73         5.81523e+73         -6.1702e+73         6.51895e+73        -6.86113e+73         7.19641e+73        -7.52444e+73         7.84489e+73        -8.15745e+73         8.46179e+73        -8.75761e+73         9.04462e+73        -9.32251e+73         9.59102e+73        -9.84987e+73         1.00988e+74        -1.03376e+74         1.05659e+74        -1.07836e+74         1.09905e+74        -1.11863e+74         1.13708e+74        -1.15439e+74         1.17054e+74         -1.1855e+74         1.19928e+74        -1.21184e+74         1.22319e+74         -1.2333e+74         1.24217e+74        -1.24979e+74         1.25616e+74        -1.26126e+74         1.26508e+74        -1.26764e+74         1.26892e+74        -1.26892e+74         1.26764e+74        -1.26508e+74         1.26126e+74        -1.25616e+74          1.2498e+74        -1.24217e+74          1.2333e+74        -1.22319e+74         1.21184e+74        -1.19928e+74          1.1855e+74        -1.17054e+74         1.15439e+74        -1.13708e+74         1.11863e+74        -1.09905e+74         1.07837e+74        -1.05659e+74         1.03376e+74        -1.00988e+74         9.84989e+73        -9.59104e+73         9.32253e+73        -9.04463e+73         8.75763e+73        -8.46181e+73         8.15747e+73        -7.84491e+73         7.52446e+73        -7.19642e+73         6.86115e+73        -6.51896e+73         6.17021e+73        -5.81525e+73         5.45443e+73        -5.08812e+73         4.71668e+73         -4.3405e+73         3.95994e+73         -3.5754e+73         3.18726e+73        -2.79591e+73         2.40174e+73        -2.00516e+73         1.60656e+73        -1.20633e+73         8.04898e+72        -4.02652e+72            0.131313
                   0        -4.31639e+72         8.62844e+72        -1.29318e+73         1.72221e+73        -2.14951e+73         2.57465e+73        -2.99719e+73         3.41671e+73         -3.8328e+73         4.24502e+73        -4.65297e+73         5.05624e+73        -5.45441e+73          5.8471e+73        -6.23389e+73         6.61441e+73        -6.98827e+73         7.35509e+73         -7.7145e+73         8.06615e+73        -8.40968e+73         8.74473e+73        -9.07099e+73          9.3881e+73        -9.69577e+73         9.99367e+73        -1.02815e+74          1.0559e+74        -1.08259e+74         1.10818e+74        -1.13266e+74           1.156e+74        -1.17818e+74         1.19916e+74        -1.21895e+74          1.2375e+74        -1.25481e+74         1.27085e+74        -1.28562e+74         1.29909e+74        -1.31125e+74         1.32209e+74         -1.3316e+74         1.33977e+74        -1.34659e+74         1.35206e+74        -1.35616e+74          1.3589e+74        -1.36027e+74         1.36027e+74         -1.3589e+74         1.35616e+74        -1.35206e+74         1.34659e+74        -1.33977e+74          1.3316e+74        -1.32209e+74         1.31125e+74        -1.29909e+74         1.28562e+74        -1.27085e+74         1.25481e+74         -1.2375e+74         1.21895e+74        -1.19917e+74         1.17818e+74          -1.156e+74         1.13266e+74        -1.10818e+74         1.08259e+74         -1.0559e+74         1.02815e+74        -9.99369e+73         9.69579e+73        -9.38812e+73           9.071e+73        -8.74475e+73         8.40969e+73        -8.06617e+73         7.71452e+73         -7.3551e+73         6.98828e+73        -6.61442e+73         6.23391e+73        -5.84711e+73         5.45443e+73        -5.05625e+73         4.65299e+73        -4.24503e+73         3.83281e+73        -3.41672e+73          2.9972e+73        -2.57465e+73         2.14952e+73        -1.72222e+73         1.29318e+73        -8.62846e+72          4.3164e+72            0.141414
                   0         4.60193e+72        -9.19922e+72         1.37873e+73        -1.83614e+73         2.29171e+73        -2.74496e+73         3.19546e+73        -3.64274e+73         4.08634e+73        -4.52584e+73         4.96078e+73        -5.39072e+73         5.81523e+73        -6.23389e+73         6.64627e+73        -7.05196e+73         7.45055e+73        -7.84164e+73         8.22483e+73        -8.59974e+73         8.96599e+73        -9.32321e+73         9.67105e+73        -1.00091e+74         1.03372e+74        -1.06548e+74         1.09617e+74        -1.12575e+74          1.1542e+74        -1.18149e+74         1.20759e+74        -1.23247e+74         1.25611e+74        -1.27849e+74         1.29958e+74        -1.31936e+74         1.33781e+74        -1.35492e+74         1.37066e+74        -1.38502e+74         1.39799e+74        -1.40955e+74         1.41969e+74         -1.4284e+74         1.43567e+74         -1.4415e+74         1.44587e+74        -1.44879e+74         1.45025e+74        -1.45025e+74         1.44879e+74        -1.44587e+74          1.4415e+74        -1.43567e+74          1.4284e+74        -1.41969e+74         1.40955e+74        -1.39799e+74         1.38502e+74        -1.37066e+74         1.35492e+74        -1.33782e+74         1.31936e+74        -1.29958e+74         1.27849e+74        -1.25611e+74         1.23247e+74        -1.20759e+74         1.18149e+74         -1.1542e+74         1.12575e+74        -1.09617e+74         1.06548e+74        -1.03372e+74         1.00092e+74        -9.67106e+73         9.32323e+73        -8.96601e+73         8.59976e+73        -8.22485e+73         7.84166e+73        -7.45057e+73         7.05198e+73        -6.64629e+73         6.23391e+73        -5.81525e+73         5.39073e+73        -4.96079e+73         4.52585e+73        -4.08635e+73         3.64274e+73        -3.19547e+73         2.74497e+73        -2.29171e+73         1.83614e+73        -1.37873e+73         9.19924e+72        -4.60194e+72            0.151515
                   0        -4.88283e+72         9.76074e+72        -1.46288e+73         1.94822e+73        -2.43159e+73         2.91252e+73        -3.39051e+73         3.86509e+73        -4.33578e+73          4.8021e+73        -5.26358e+73         5.71977e+73         -6.1702e+73         6.61441e+73        -7.05196e+73         7.48242e+73        -7.90533e+73         8.32029e+73        -8.72687e+73         9.12467e+73        -9.51327e+73          9.8923e+73        -1.02614e+74         1.06201e+74        -1.09681e+74         1.13051e+74        -1.16308e+74         1.19447e+74        -1.22465e+74         1.25361e+74         -1.2813e+74          1.3077e+74        -1.33279e+74         1.35653e+74        -1.37891e+74          1.3999e+74        -1.41948e+74         1.43763e+74        -1.45433e+74         1.46957e+74        -1.48332e+74         1.49559e+74        -1.50635e+74         1.51559e+74        -1.52331e+74         1.52949e+74        -1.53413e+74         1.53723e+74        -1.53878e+74         1.53878e+74        -1.53723e+74         1.53413e+74        -1.52949e+74         1.52331e+74        -1.51559e+74         1.50635e+74        -1.49559e+74         1.48333e+74        -1.46957e+74         1.45433e+74        -1.43763e+74         1.41948e+74         -1.3999e+74         1.37891e+74        -1.35653e+74         1.33279e+74         -1.3077e+74          1.2813e+74        -1.25361e+74         1.22465e+74        -1.19447e+74         1.16308e+74        -1.13052e+74         1.09682e+74        -1.06201e+74         1.02614e+74        -9.89232e+73         9.51329e+73        -9.12469e+73         8.72689e+73        -8.32031e+73         7.90535e+73        -7.48243e+73         7.05198e+73        -6.61442e+73         6.17021e+73        -5.71978e+73          5.2636e+73        -4.80211e+73         4.33579e+73         -3.8651e+73         3.39052e+73        -2.91252e+73          2.4316e+73        -1.94822e+73         1.46289e+73        -9.76077e+72         4.88284e+72            0.161616
                   0         5.15881e+72        -1.03124e+73         1.54557e+73        -2.05833e+73         2.56903e+73        -3.07714e+73         3.58215e+73        -4.08355e+73         4.58084e+73        -5.07352e+73         5.56109e+73        -6.04306e+73         6.51895e+73        -6.98827e+73         7.45055e+73        -7.90533e+73         8.35216e+73        -8.79057e+73         9.22013e+73        -9.64041e+73          1.0051e+74        -1.04514e+74         1.08414e+74        -1.12204e+74         1.15881e+74        -1.19441e+74         1.22881e+74        -1.26198e+74         1.29387e+74        -1.32446e+74         1.35372e+74        -1.38162e+74         1.40812e+74         -1.4332e+74         1.45685e+74        -1.47902e+74         1.49971e+74        -1.51888e+74         1.53653e+74        -1.55263e+74         1.56716e+74        -1.58012e+74         1.59149e+74        -1.60125e+74         1.60941e+74        -1.61594e+74         1.62084e+74        -1.62411e+74         1.62575e+74        -1.62575e+74         1.62411e+74        -1.62084e+74         1.61594e+74        -1.60941e+74         1.60125e+74        -1.59149e+74         1.58012e+74        -1.56717e+74         1.55263e+74        -1.53653e+74         1.51888e+74        -1.49971e+74         1.47902e+74        -1.45685e+74         1.43321e+74        -1.40812e+74         1.38162e+74        -1.35372e+74         1.32447e+74        -1.29387e+74         1.26198e+74        -1.22882e+74         1.19441e+74        -1.15881e+74         1.12204e+74        -1.08414e+74         1.04515e+74         -1.0051e+74         9.64043e+73        -9.22015e+73         8.79059e+73        -8.35218e+73         7.90535e+73        -7.45057e+73         6.98828e+73        -6.51896e+73         6.04307e+73         -5.5611e+73         5.07353e+73        -4.58085e+73         4.08356e+73        -3.58216e+73         3.07715e+73        -2.56904e+73         2.05834e+73        -1.54557e+73         1.03125e+73        -5.15883e+72            0.171717
                   0        -5.42961e+72         1.08537e+73         -1.6267e+73         2.16638e+73        -2.70388e+73         3.23866e+73        -3.77018e+73          4.2979e+73        -4.82129e+73         5.33983e+73          -5.853e+73         6.36027e+73        -6.86113e+73         7.35509e+73        -7.84164e+73         8.32029e+73        -8.79057e+73           9.252e+73        -9.70411e+73         1.01464e+74        -1.05786e+74             1.1e+74        -1.14104e+74         1.18093e+74        -1.21964e+74         1.25711e+74        -1.29332e+74         1.32822e+74        -1.36179e+74         1.39399e+74        -1.42478e+74         1.45414e+74        -1.48203e+74         1.50843e+74        -1.53332e+74         1.55666e+74        -1.57843e+74         1.59861e+74        -1.61718e+74         1.63413e+74        -1.64943e+74         1.66306e+74        -1.67503e+74          1.6853e+74        -1.69388e+74         1.70076e+74        -1.70592e+74         1.70937e+74        -1.71109e+74         1.71109e+74        -1.70937e+74         1.70592e+74        -1.70076e+74         1.69389e+74        -1.68531e+74         1.67503e+74        -1.66307e+74         1.64943e+74        -1.63413e+74         1.61718e+74        -1.59861e+74         1.57843e+74        -1.55666e+74         1.53332e+74        -1.50844e+74         1.48203e+74        -1.45414e+74         1.42478e+74        -1.39399e+74         1.36179e+74        -1.32822e+74         1.29332e+74        -1.25711e+74         1.21964e+74        -1.18094e+74         1.14105e+74        -1.10001e+74         1.05786e+74        -1.01465e+74         9.70413e+73        -9.25202e+73         8.79059e+73        -8.32031e+73         7.84166e+73         -7.3551e+73         6.86115e+73        -6.36028e+73         5.85301e+73        -5.33985e+73         4.82131e+73        -4.29791e+73         3.77019e+73        -3.23867e+73         2.70389e+73        -2.16638e+73          1.6267e+73        -1.08538e+73         5.42962e+72            0.181818
