0                   0                   0                   0                   0                   0                   0                   0                   0                   0                   0                   0                   0                   0                   0                   0                   0                   0                   0                   0                   0                   0                   0                   0                   0                   0                   0                   0                   0                   0                   0                   0                   0                   0                   0                   0                   0                   0                   0                   0                   0                   0                   0                   0                   0                   0                   0                   0                   0                   0                   0                   0                   0                   0                   0                   0                   0                   0                   0                   0                   0                   0                   0                   0                   0                   0                   0                   0                   0                   0                   0                   0                   0                   0                   0                   0                   0                   0                   0                   0                   0                   0                   0                   0                   0                   0                   0                   0                   0                   0                   0                   0                   0                   0                   0                   0                   0                   0                   0                   0
                   0         0.000102013         0.000204026          0.00030604         0.000408053         0.000510066          0.00061208         0.000714093         0.000816107          0.00091812          0.00102013          0.00112215          0.00122416          0.00132618          0.00142819          0.00153021          0.00163222          0.00173424          0.00183625          0.00193827          0.00204029           0.0021423          0.00224432          0.00234634          0.00244835          0.00255037          0.00265239          0.00275441          0.00285643          0.00295845          0.00306047          0.00316249          0.00326451          0.00336653          0.00346855          0.00357058           0.0036726          0.00377462          0.00387665          0.00397867           0.0040807          0.00418272          0.00428475          0.00438678           0.0044888          0.00459083          0.00469286          0.00479489          0.00489692          0.00499895          0.00510098          0.00520301          0.00530504          0.00540707           0.0055091          0.00561114          0.00571317           0.0058152          0.00591724          0.00601927          0.00612131          0.00622335          0.00632538          0.00642742          0.00652946           0.0066315          0.00673354          0.00683558          0.00693761          0.00703966           0.0071417          0.00724374          0.00734578          0.00744782          0.00754986          0.00765191          0.00775395          0.00785599          0.00795804          0.00806008          0.00816212          0.00826417          0.00836621          0.00846826           0.0085703          0.00867235           0.0087744          0.00887644          0.00897849          0.00908054          0.00918258          0.00928463          0.00938668          0.00948872          0.00959077          0.00969282          0.00979487          0.00989691          0.00999896            0.010101
                   0         0.000204026         0.000408053         0.000612079         0.000816106          0.00102013          0.00122416          0.00142819          0.00163221          0.00183624          0.00204027           0.0022443          0.00244833          0.00265235          0.00285638          0.00306041          0.00326444          0.00346848          0.00367251          0.00387654          0.00408057          0.00428461          0.00448864          0.00469267          0.00489671          0.00510075          0.00530478          0.00550882          0.00571286           0.0059169          0.00612094          0.00632498          0.00652902          0.00673307          0.00693711          0.00714115           0.0073452          0.00754925           0.0077533          0.00795734          0.00816139          0.00836545           0.0085695          0.00877355          0.00897761          0.00918166          0.00938572          0.00958977          0.00979383          0.00999789            0.010202            0.010406           0.0106101           0.0108141           0.0110182           0.0112223           0.0114263           0.0116304           0.0118345           0.0120386           0.0122426           0.0124467           0.0126508           0.0128548           0.0130589            0.013263           0.0134671           0.0136712           0.0138752           0.0140793           0.0142834           0.0144875           0.0146916           0.0148956           0.0150997           0.0153038           0.0155079            0.015712           0.0159161           0.0161202           0.0163242           0.0165283           0.0167324           0.0169365           0.0171406           0.0173447           0.0175488           0.0177529            0.017957           0.0181611           0.0183652           0.0185693           0.0187734           0.0189774           0.0191815           0.0193856           0.0195897           0.0197938           0.0199979            0.020202
                   0          0.00030604         0.000612079         0.000918119          0.00122416           0.0015302          0.00183624          0.00214228          0.00244832          0.00275436           0.0030604          0.00336645          0.00367249          0.00397853          0.00428458          0.00459062          0.00489667          0.00520271          0.00550876          0.00581481          0.00612086          0.00642691          0.00673296          0.00703901          0.00734507          0.00765112          0.00795718          0.00826323          0.00856929          0.00887535          0.00918141          0.00948747          0.00979354           0.0100996           0.0104057           0.0107117           0.0110178           0.0113239           0.0116299            0.011936           0.0122421           0.0125482           0.0128542           0.0131603           0.0134664           0.0137725           0.0140786           0.0143847           0.0146908           0.0149968           0.0153029            0.015609           0.0159151           0.0162212           0.0165273           0.0168334           0.0171395           0.0174456           0.0177517           0.0180578           0.0183639             0.01867           0.0189762           0.0192823           0.0195884           0.0198945           0.0202006           0.0205067           0.0208128            0.021119           0.0214251           0.0217312           0.0220373           0.0223435           0.0226496           0.0229557           0.0232618            0.023568           0.0238741           0.0241802           0.0244864           0.0247925           0.0250986           0.0254048           0.0257109           0.0260171           0.0263232           0.0266293           0.0269355           0.0272416           0.0275478           0.0278539             0.02816           0.0284662           0.0287723           0.0290785           0.0293846           0.0296907           0.0299969            0.030303
                   0         0.000408053         0.000816106          0.00122416          0.00163221          0.00204027          0.00244832          0.00285637          0.00326443          0.00367248          0.00408054           0.0044886          0.00489665          0.00530471          0.00571277          0.00612083          0.00652889          0.00693695          0.00734502          0.00775308          0.00816115          0.00856921          0.00897728          0.00938535          0.00979342           0.0102015           0.0106096           0.0110176           0.0114257           0.0118338           0.0122419             0.01265            0.013058           0.0134661           0.0138742           0.0142823           0.0146904           0.0150985           0.0155066           0.0159147           0.0163228           0.0167309            0.017139           0.0175471           0.0179552           0.0183633           0.0187714           0.0191796           0.0195877           0.0199958           0.0204039            0.020812           0.0212202           0.0216283           0.0220364           0.0224446           0.0228527           0.0232608            0.023669           0.0240771           0.0244852           0.0248934           0.0253015           0.0257097           0.0261178            0.026526           0.0269341           0.0273423           0.0277505           0.0281586           0.0285668            0.028975           0.0293831           0.0297913           0.0301995           0.0306076           0.0310158            0.031424           0.0318321           0.0322403           0.0326485           0.0330567           0.0334649            0.033873           0.0342812           0.0346894           0.0350976           0.0355058            0.035914           0.0363221           0.0367303           0.0371385           0.0375467           0.0379549           0.0383631           0.0387713           0.0391795           0.0395877           0.0399958            0.040404
                   0         0.000510066          0.00102013           0.0015302          0.00204027          0.00255033           0.0030604          0.00357047          0.00408054          0.00459061          0.00510068          0.00561075          0.00612082          0.00663089          0.00714096          0.00765104          0.00816112          0.00867119          0.00918127          0.00969135           0.0102014           0.0107115           0.0112216           0.0117317           0.0122418           0.0127519            0.013262           0.0137721           0.0142822           0.0147923           0.0153024           0.0158125           0.0163226           0.0168327           0.0173428           0.0178529            0.018363           0.0188731           0.0193832           0.0198934           0.0204035           0.0209136           0.0214238           0.0219339            0.022444           0.0229542           0.0234643           0.0239744           0.0244846           0.0249947           0.0255049            0.026015           0.0265252           0.0270354           0.0275455           0.0280557           0.0285659            0.029076           0.0295862           0.0300964           0.0306066           0.0311167           0.0316269           0.0321371           0.0326473           0.0331575           0.0336677           0.0341779           0.0346881           0.0351983           0.0357085           0.0362187           0.0367289           0.0372391           0.0377493           0.0382595           0.0387697             0.03928           0.0397902           0.0403004           0.0408106           0.0413209           0.0418311           0.0423413           0.0428515           0.0433618            0.043872           0.0443822           0.0448925           0.0454027           0.0459129           0.0464232           0.0469334           0.0474436           0.0479539           0.0484641           0.0489743           0.0494846           0.0499948           0.0505051
                   0          0.00061208          0.00122416          0.00183624          0.00244832           0.0030604          0.00367248          0.00428456          0.00489665          0.00550873          0.00612081           0.0067329          0.00734498          0.00795707          0.00856916          0.00918125          0.00979334           0.0104054           0.0110175           0.0116296           0.0122417           0.0128538           0.0134659            0.014078           0.0146901           0.0153022           0.0159144           0.0165265           0.0171386           0.0177507           0.0183628            0.018975           0.0195871           0.0201992           0.0208113           0.0214235           0.0220356           0.0226478           0.0232599           0.0238721           0.0244842           0.0250964           0.0257085           0.0263207           0.0269328            0.027545           0.0281572           0.0287693           0.0293815           0.0299937           0.0306059           0.0312181           0.0318303           0.0324424           0.0330546           0.0336668            0.034279           0.0348912           0.0355035           0.0361157           0.0367279           0.0373401           0.0379523           0.0385645           0.0391768            0.039789           0.0404012           0.0410135           0.0416257           0.0422379           0.0428502           0.0434624           0.0440747           0.0446869           0.0452992           0.0459114           0.0465237            0.047136           0.0477482           0.0483605           0.0489728            0.049585           0.0501973           0.0508096           0.0514218           0.0520341           0.0526464           0.0532587           0.0538709           0.0544832           0.0550955           0.0557078           0.0563201           0.0569324           0.0575446           0.0581569           0.0587692           0.0593815           0.0599938           0.0606061
                   0         0.000714093          0.00142819          0.00214228          0.00285637          0.00357047          0.00428456          0.00499866          0.00571275          0.00642685          0.00714095          0.00785505          0.00856915          0.00928325          0.00999736           0.0107115           0.0114256           0.0121397           0.0128538           0.0135679            0.014282           0.0149961           0.0157103           0.0164244           0.0171385           0.0178526           0.0185668           0.0192809            0.019995           0.0207092           0.0214233           0.0221375           0.0228516           0.0235658           0.0242799           0.0249941           0.0257082           0.0264224           0.0271366           0.0278507           0.0285649           0.0292791           0.0299933           0.0307075           0.0314216           0.0321358             0.03285           0.0335642           0.0342784           0.0349927           0.0357069           0.0364211           0.0371353           0.0378495           0.0385638            0.039278           0.0399922           0.0407065           0.0414207            0.042135           0.0428492           0.0435635           0.0442777            0.044992           0.0457062           0.0464205           0.0471348           0.0478491           0.0485633           0.0492776           0.0499919           0.0507062           0.0514205           0.0521348           0.0528491           0.0535634           0.0542777            0.054992           0.0557063           0.0564206           0.0571349           0.0578492           0.0585635           0.0592778           0.0599921           0.0607065           0.0614208           0.0621351           0.0628494           0.0635638           0.0642781           0.0649924           0.0657067           0.0664211           0.0671354           0.0678497           0.0685641           0.0692784           0.0699927           0.0707071
                   0         0.000816107          0.00163221          0.00244832          0.00326443          0.00408054          0.00489665          0.00571275          0.00652887          0.00734498          0.00816109           0.0089772          0.00979332           0.0106094           0.0114256           0.0122417           0.0130578           0.0138739           0.0146901           0.0155062           0.0163223           0.0171384           0.0179546           0.0187707           0.0195869            0.020403           0.0212192           0.0220353           0.0228515           0.0236676           0.0244838              0.0253           0.0261161           0.0269323           0.0277485           0.0285647           0.0293808            0.030197           0.0310132           0.0318294           0.0326456           0.0334618            0.034278           0.0350942           0.0359105           0.0367267           0.0375429           0.0383591           0.0391754           0.0399916           0.0408079           0.0416241           0.0424404           0.0432566           0.0440729           0.0448891           0.0457054           0.0465217            0.047338           0.0481542           0.0489705           0.0497868           0.0506031           0.0514194           0.0522357            0.053052           0.0538683           0.0546846            0.055501           0.0563173           0.0571336           0.0579499           0.0587663           0.0595826           0.0603989           0.0612153           0.0620316            0.062848           0.0636643           0.0644807            0.065297           0.0661134           0.0669297           0.0677461           0.0685625           0.0693788           0.0701952           0.0710116           0.0718279           0.0726443           0.0734607           0.0742771           0.0750934           0.0759098           0.0767262           0.0775426           0.0783589           0.0791753           0.0799917           0.0808081
                   0          0.00091812          0.00183624          0.00275436          0.00367248          0.00459061          0.00550873          0.00642685          0.00734498           0.0082631          0.00918123           0.0100994           0.0110175           0.0119356           0.0128538           0.0137719             0.01469           0.0156082           0.0165263           0.0174445           0.0183626           0.0192808           0.0201989           0.0211171           0.0220352           0.0229534           0.0238716           0.0247897           0.0257079           0.0266261           0.0275443           0.0284625           0.0293807           0.0302989            0.031217           0.0321353           0.0330535           0.0339717           0.0348899           0.0358081           0.0367263           0.0376446           0.0385628            0.039481           0.0403993           0.0413175           0.0422358            0.043154           0.0440723           0.0449906           0.0459089           0.0468271           0.0477454           0.0486637            0.049582           0.0505003           0.0514186           0.0523369           0.0532552           0.0541735           0.0550919           0.0560102           0.0569285           0.0578468           0.0587652           0.0596835           0.0606019           0.0615202           0.0624386           0.0633569           0.0642753           0.0651937           0.0661121           0.0670304           0.0679488           0.0688672           0.0697856            0.070704           0.0716224           0.0725408           0.0734592           0.0743776            0.075296           0.0762144           0.0771328           0.0780512           0.0789696            0.079888           0.0808064           0.0817248           0.0826433           0.0835617           0.0844801           0.0853985            0.086317           0.0872354           0.0881538           0.0890722           0.0899907           0.0909091
                   0          0.00102013          0.00204027           0.0030604          0.00408054          0.00510068          0.00612081          0.00714095          0.00816109          0.00918123           0.0102014           0.0112215           0.0122417           0.0132618            0.014282           0.0153021           0.0163223           0.0173424           0.0183626           0.0193827           0.0204029           0.0214231           0.0224433           0.0234634           0.0244836           0.0255038            0.026524           0.0275442           0.0285644           0.0295846           0.0306048            0.031625           0.0326452           0.0336654           0.0346856           0.0357059           0.0367261           0.0377463           0.0387666           0.0397868           0.0408071           0.0418273           0.0428476           0.0438678           0.0448881           0.0459084           0.0469287            0.047949           0.0489693           0.0499896           0.0510099           0.0520302           0.0530505           0.0540708           0.0550911           0.0561115           0.0571318           0.0581521           0.0591725           0.0601928           0.0612132           0.0622336           0.0632539           0.0642743           0.0652947           0.0663151           0.0673354           0.0683558           0.0693762           0.0703966            0.071417           0.0724374           0.0734579           0.0744783           0.0754987           0.0765191           0.0775395             0.07856           0.0795804           0.0806009           0.0816213           0.0826417           0.0836622           0.0846826           0.0857031           0.0867235            0.087744           0.0887645           0.0897849           0.0908054           0.0918259           0.0928463           0.0938668           0.0948873           0.0959077           0.0969282           0.0979487           0.0989692           0.0999896             0.10101
                   0          0.00112215           0.0022443          0.00336645           0.0044886          0.00561075           0.0067329          0.00785505           0.0089772           0.0100994           0.0112215           0.0123437           0.0134658            0.014588           0.0157102           0.0168323           0.0179545           0.0190767           0.0201989            0.021321           0.0224432           0.0235654           0.0246876           0.0258098            0.026932           0.0280542           0.0291764           0.0302986           0.0314208            0.032543           0.0336653           0.0347875           0.0359097            0.037032           0.0381542           0.0392765           0.0403987            0.041521           0.0426432           0.0437655           0.0448878           0.0460101           0.0471324           0.0482546           0.0493769           0.0504993           0.0516216           0.0527439           0.0538662           0.0549885           0.0561109           0.0572332           0.0583556           0.0594779           0.0606003           0.0617226            0.062845           0.0639674           0.0650898           0.0662121           0.0673345           0.0684569           0.0695793           0.0707017           0.0718242           0.0729466            0.074069           0.0751914           0.0763139           0.0774363           0.0785587           0.0796812           0.0808037           0.0819261           0.0830486            0.084171           0.0852935            0.086416           0.0875385           0.0886609           0.0897834           0.0909059           0.0920284           0.0931509           0.0942734           0.0953959           0.0965184           0.0976409           0.0987634           0.0998859            0.101008            0.102131            0.103253            0.104376            0.105499            0.106621            0.107744            0.108866            0.109989            0.111111
                   0          0.00122416          0.00244833          0.00367249          0.00489665          0.00612082          0.00734498          0.00856915          0.00979332           0.0110175           0.0122417           0.0134658             0.01469           0.0159142           0.0171384           0.0183626           0.0195867           0.0208109           0.0220351           0.0232593           0.0244835           0.0257077           0.0269319           0.0281561           0.0293804           0.0306046           0.0318288            0.033053           0.0342773           0.0355015           0.0367258             0.03795           0.0391743           0.0403985           0.0416228           0.0428471           0.0440713           0.0452956           0.0465199           0.0477442           0.0489685           0.0501928           0.0514171           0.0526415           0.0538658           0.0550901           0.0563145           0.0575388           0.0587632           0.0599875           0.0612119           0.0624362           0.0636606            0.064885           0.0661094           0.0673338           0.0685582           0.0697826            0.071007           0.0722314           0.0734559           0.0746803           0.0759047           0.0771292           0.0783536           0.0795781           0.0808026            0.082027           0.0832515            0.084476           0.0857005            0.086925           0.0881495            0.089374           0.0905985            0.091823           0.0930475            0.094272           0.0954965            0.096721           0.0979456           0.0991701            0.100395            0.101619            0.102844            0.104068            0.105293            0.106517            0.107742            0.108966            0.110191            0.111416             0.11264            0.113865            0.115089            0.116314            0.117538            0.118763            0.119988            0.121212
                   0          0.00132618          0.00265235          0.00397853          0.00530471          0.00663089          0.00795707          0.00928325           0.0106094           0.0119356           0.0132618            0.014588           0.0159142           0.0172404           0.0185666           0.0198928            0.021219           0.0225452           0.0238714           0.0251976           0.0265238           0.0278501           0.0291763           0.0305025           0.0318287            0.033155           0.0344812           0.0358075           0.0371337             0.03846           0.0397863           0.0411125           0.0424388           0.0437651           0.0450914           0.0464177            0.047744           0.0490703           0.0503966           0.0517229           0.0530493           0.0543756           0.0557019           0.0570283           0.0583546            0.059681           0.0610074           0.0623337           0.0636601           0.0649865           0.0663129           0.0676393           0.0689657           0.0702921           0.0716185            0.072945           0.0742714           0.0755979           0.0769243           0.0782508           0.0795772           0.0809037           0.0822302           0.0835567           0.0848831           0.0862096           0.0875361           0.0888626           0.0901892           0.0915157           0.0928422           0.0941687           0.0954953           0.0968218           0.0981484           0.0994749            0.100801            0.102128            0.103455            0.104781            0.106108            0.107434            0.108761            0.110087            0.111414            0.112741            0.114067            0.115394             0.11672            0.118047            0.119374              0.1207            0.122027            0.123353             0.12468            0.126007            0.127333             0.12866            0.129987            0.131313
                   0          0.00142819          0.00285638          0.00428458          0.00571277          0.00714096          0.00856916          0.00999736           0.0114256           0.0128538            0.014282           0.0157102           0.0171384           0.0185666           0.0199948            0.021423           0.0228512           0.0242795           0.0257077           0.0271359           0.0285641           0.0299924           0.0314206           0.0328489           0.0342771           0.0357054           0.0371337           0.0385619           0.0399902           0.0414185           0.0428468           0.0442751           0.0457034           0.0471317             0.04856           0.0499883           0.0514166            0.052845           0.0542733           0.0557016             0.05713           0.0585584           0.0599867           0.0614151           0.0628435           0.0642719           0.0657003           0.0671287           0.0685571           0.0699855           0.0714139           0.0728424           0.0742708           0.0756992           0.0771277           0.0785562           0.0799846           0.0814131           0.0828416           0.0842701           0.0856986           0.0871271           0.0885556           0.0899841           0.0914126           0.0928412           0.0942697           0.0956983           0.0971268           0.0985554           0.0999839            0.101413            0.102841             0.10427            0.105698            0.107127            0.108555            0.109984            0.111413            0.112841             0.11427            0.115698            0.117127            0.118556            0.119984            0.121413            0.122842             0.12427            0.125699            0.127128            0.128556            0.129985            0.131414            0.132842            0.134271              0.1357            0.137128            0.138557            0.139985            0.141414
                   0          0.00153021          0.00306041          0.00459062          0.00612083          0.00765104          0.00918125           0.0107115           0.0122417           0.0137719           0.0153021           0.0168323           0.0183626           0.0198928            0.021423           0.0229532           0.0244835           0.0260137            0.027544           0.0290742           0.0306045           0.0321347            0.033665           0.0351953           0.0367255           0.0382558           0.0397861           0.0413164           0.0428467            0.044377           0.0459073           0.0474376           0.0489679           0.0504983           0.0520286           0.0535589           0.0550893           0.0566196             0.05815           0.0596804           0.0612107           0.0627411           0.0642715           0.0658019           0.0673323           0.0688628           0.0703932           0.0719236            0.073454           0.0749845            0.076515           0.0780454           0.0795759           0.0811064           0.0826369           0.0841674           0.0856979           0.0872284           0.0887589           0.0902894           0.0918199           0.0933505            0.094881           0.0964116           0.0979422           0.0994727            0.101003            0.102534            0.104064            0.105595            0.107126            0.108656            0.110187            0.111718            0.113248            0.114779            0.116309             0.11784            0.119371            0.120901            0.122432            0.123963            0.125493            0.127024            0.128555            0.130085            0.131616            0.133147            0.134677            0.136208            0.137739             0.13927              0.1408            0.142331            0.143862            0.145392            0.146923            0.148454            0.149984            0.151515
                   0          0.00163222          0.00326444          0.00489667          0.00652889          0.00816112          0.00979334           0.0114256           0.0130578             0.01469           0.0163223           0.0179545           0.0195867            0.021219           0.0228512           0.0244835           0.0261157            0.027748           0.0293803           0.0310125           0.0326448           0.0342771           0.0359093           0.0375416           0.0391739           0.0408062           0.0424385           0.0440708           0.0457032           0.0473355           0.0489678           0.0506001           0.0522325           0.0538648           0.0554972           0.0571296           0.0587619           0.0603943           0.0620267           0.0636591           0.0652915           0.0669239           0.0685563           0.0701888           0.0718212           0.0734536           0.0750861           0.0767186            0.078351           0.0799835            0.081616           0.0832485            0.084881           0.0865135            0.088146           0.0897786           0.0914111           0.0930436           0.0946762           0.0963087           0.0979413           0.0995739            0.101206            0.102839            0.104472            0.106104            0.107737             0.10937            0.111002            0.112635            0.114267              0.1159            0.117533            0.119165            0.120798            0.122431            0.124063            0.125696            0.127329            0.128961            0.130594            0.132227             0.13386            0.135492            0.137125            0.138758             0.14039            0.142023            0.143656            0.145289            0.146921            0.148554            0.150187             0.15182            0.153452            0.155085            0.156718            0.158351            0.159983            0.161616
                   0          0.00173424          0.00346848          0.00520271          0.00693695          0.00867119           0.0104054           0.0121397           0.0138739           0.0156082           0.0173424           0.0190767           0.0208109           0.0225452           0.0242795           0.0260137            0.027748           0.0294823           0.0312165           0.0329508           0.0346851           0.0364194           0.0381537            0.039888           0.0416223           0.0433566            0.045091           0.0468253           0.0485596            0.050294           0.0520283           0.0537627           0.0554971           0.0572314           0.0589658           0.0607002           0.0624346            0.064169           0.0659034           0.0676378           0.0693723           0.0711067           0.0728412           0.0745756           0.0763101           0.0780445            0.079779           0.0815135            0.083248           0.0849825            0.086717           0.0884516           0.0901861           0.0919206           0.0936552           0.0953898           0.0971243           0.0988589            0.100593            0.102328            0.104063            0.105797            0.107532            0.109267            0.111001            0.112736             0.11447            0.116205             0.11794            0.119674            0.121409            0.123144            0.124879            0.126613            0.128348            0.130083            0.131817            0.133552            0.135287            0.137022            0.138756            0.140491            0.142226            0.143961            0.145695             0.14743            0.149165              0.1509            0.152634            0.154369            0.156104            0.157839            0.159574            0.161308            0.163043            0.164778            0.166513            0.168248            0.169982            0.171717
                   0          0.00183625          0.00367251          0.00550876          0.00734502          0.00918127           0.0110175           0.0128538           0.0146901           0.0165263           0.0183626           0.0201989           0.0220351           0.0238714           0.0257077            0.027544           0.0293803           0.0312165           0.0330528           0.0348891           0.0367255           0.0385618           0.0403981           0.0422344           0.0440707           0.0459071           0.0477434           0.0495798           0.0514161           0.0532525           0.0550889           0.0569253           0.0587616            0.060598           0.0624344           0.0642709           0.0661073           0.0679437           0.0697801           0.0716166            0.073453           0.0752895            0.077126           0.0789625            0.080799           0.0826355            0.084472           0.0863085            0.088145           0.0899816           0.0918181           0.0936547           0.0954912           0.0973278           0.0991644            0.101001            0.102838            0.104674            0.106511            0.108347            0.110184            0.112021            0.113857            0.115694            0.117531            0.119367            0.121204            0.123041            0.124878            0.126714            0.128551            0.130388            0.132224            0.134061            0.135898            0.137735            0.139571            0.141408            0.143245            0.145082            0.146919            0.148755            0.150592            0.152429            0.154266            0.156103            0.157939            0.159776            0.161613             0.16345            0.165287            0.167123             0.16896            0.170797            0.172634            0.174471            0.176308            0.178144            0.179981            0.181818
