0                   0                   0                   0                   0                   0                   0                   0                   0                   0                   0                   0                   0                   0                   0                   0                   0                   0                   0                   0                   0                   0                   0                   0                   0                   0                   0                   0                   0                   0                   0                   0                   0                   0                   0                   0                   0                   0                   0                   0                   0                   0                   0                   0                   0                   0                   0                   0                   0                   0                   0                   0                   0                   0                   0                   0                   0                   0                   0                   0                   0                   0                   0                   0                   0                   0                   0                   0                   0                   0                   0                   0                   0                   0                   0                   0                   0                   0                   0                   0                   0                   0                   0                   0                   0                   0                   0                   0                   0                   0                   0                   0                   0                   0                   0                   0                   0                   0                   0                   0
                   0          2.0116e-25         5.30265e-25         1.26917e-24         3.18214e-24         8.37948e-24         2.26345e-23         6.15438e-23         1.66701e-22         4.47606e-22         1.18885e-21         3.12073e-21         8.09347e-21          2.0736e-20         5.24838e-20         1.31237e-19         3.24217e-19         7.91401e-19         1.90881e-18         4.54949e-18         1.07157e-17         2.49441e-17         5.73886e-17         1.30503e-16         2.93346e-16         6.51817e-16          1.4318e-15          3.1094e-15         6.67618e-15          1.4173e-14         2.97508e-14         6.17535e-14         1.26757e-13         2.57308e-13         5.16564e-13         1.02567e-12         2.01428e-12         3.91277e-12         7.51833e-12         1.42906e-11         2.68712e-11         4.99867e-11         9.19962e-11         1.67514e-10           3.018e-10          5.3801e-10         9.49035e-10         1.65658e-09         2.86155e-09         4.89174e-09         8.27593e-09         1.38573e-08         2.29651e-08         3.76705e-08         6.11638e-08         9.83026e-08         1.56398e-07         2.46325e-07         3.84073e-07          5.9288e-07         9.06115e-07         1.37114e-06         2.05436e-06         3.04783e-06         4.47753e-06         6.51387e-06         9.38451e-06         1.33898e-05         1.89212e-05          2.6482e-05         3.67118e-05         5.04116e-05         6.85723e-05         9.24022e-05         0.000123354          0.00016315         0.000213801         0.000277615         0.000357205         0.000455471         0.000575574         0.000720893         0.000894957          0.00110136          0.00134366          0.00162526          0.00194925          0.00231828          0.00273442          0.00319901           0.0037125          0.00427438          0.00488308          0.00553594          0.00622917          0.00695796           0.0077165          0.00849814          0.00929557            0.010101
                   0         5.30265e-25         1.31642e-24         2.92218e-24         6.87607e-24         1.73987e-23         4.60366e-23         1.23983e-22         3.34425e-22         8.96364e-22         2.37899e-21         6.24286e-21         1.61885e-20         4.14736e-20         1.04969e-19         2.62475e-19         6.48437e-19          1.5828e-18         3.81763e-18         9.09898e-18         2.14315e-17         4.98882e-17         1.14777e-16         2.61006e-16         5.86691e-16         1.30363e-15         2.86361e-15          6.2188e-15         1.33524e-14          2.8346e-14         5.95016e-14         1.23507e-13         2.53515e-13         5.14616e-13         1.03313e-12         2.05133e-12         4.02856e-12         7.82555e-12         1.50367e-11         2.85811e-11         5.37424e-11         9.99734e-11         1.83992e-10         3.35029e-10         6.03601e-10         1.07602e-09         1.89807e-09         3.31317e-09          5.7231e-09         9.78347e-09         1.65519e-08         2.77147e-08         4.59302e-08          7.5341e-08         1.22328e-07         1.96605e-07         3.12795e-07         4.92649e-07         7.68147e-07         1.18576e-06         1.81223e-06         2.74227e-06         4.10873e-06         6.09565e-06         8.95505e-06         1.30277e-05          1.8769e-05         2.67796e-05         3.78424e-05         5.29641e-05         7.34236e-05         0.000100823         0.000137145         0.000184804         0.000246709         0.000326301         0.000427602         0.000555231         0.000714411         0.000910942          0.00115115          0.00144179          0.00178991          0.00220272          0.00268733          0.00325052          0.00389849          0.00463656          0.00546885          0.00639802          0.00742499          0.00854875          0.00976616           0.0110719           0.0124583           0.0139159            0.015433           0.0169963           0.0185911            0.020202
                   0         1.26917e-24         2.92218e-24          5.8046e-24         1.22092e-23         2.84669e-23         7.18976e-23         1.89291e-22         5.05428e-22         1.34881e-21         3.57322e-21          9.3695e-21         2.42884e-20         6.22166e-20         1.57461e-19          3.9372e-19         9.72663e-19         2.37422e-18         5.72645e-18         1.36485e-17         3.21472e-17         7.48322e-17         1.72166e-16          3.9151e-16         8.80037e-16         1.95545e-15         4.29541e-15          9.3282e-15         2.00285e-14         4.25189e-14         8.92523e-14         1.85261e-13         3.80272e-13         7.71924e-13         1.54969e-12           3.077e-12         6.04284e-12         1.17383e-11          2.2555e-11         4.28717e-11         8.06136e-11          1.4996e-10         2.75989e-10         5.02543e-10         9.05401e-10         1.61403e-09          2.8471e-09         4.96975e-09         8.58464e-09         1.46752e-08         2.48278e-08          4.1572e-08         6.88954e-08         1.13011e-07         1.83491e-07         2.94908e-07         4.69193e-07         7.38974e-07         1.15222e-06         1.77864e-06         2.71835e-06         4.11341e-06         6.16309e-06         9.14348e-06         1.34326e-05         1.95416e-05         2.81535e-05         4.01695e-05         5.67635e-05         7.94461e-05         0.000110135         0.000151235         0.000205717         0.000277207         0.000370063         0.000489451         0.000641403         0.000832846          0.00107162          0.00136641          0.00172672          0.00216268          0.00268487          0.00330409          0.00403099          0.00487578          0.00584774          0.00695484          0.00820327          0.00959703           0.0111375           0.0128231           0.0146492           0.0166078           0.0186875           0.0208739           0.0231495           0.0254944           0.0278867            0.030303
                   0         3.18214e-24         6.87607e-24         1.22092e-23         2.22386e-23         4.54054e-23         1.04803e-22         2.62818e-22         6.85824e-22         1.81182e-21         4.77919e-21         1.25091e-20         3.24024e-20         8.29748e-20         2.09969e-19         5.24982e-19         1.29691e-18         3.16565e-18         7.63529e-18          1.8198e-17          4.2863e-17         9.97763e-17         2.29554e-16         5.22013e-16         1.17338e-15         2.60727e-15         5.72722e-15         1.24376e-14         2.67047e-14         5.66919e-14         1.19003e-13         2.47014e-13         5.07029e-13         1.02923e-12         2.06626e-12         4.10267e-12         8.05712e-12         1.56511e-11         3.00733e-11         5.71622e-11         1.07485e-10         1.99947e-10         3.67985e-10         6.70058e-10          1.2072e-09         2.15204e-09         3.79614e-09         6.62633e-09         1.14462e-08         1.95669e-08         3.31037e-08         5.54293e-08         9.18605e-08         1.50682e-07         2.44655e-07          3.9321e-07         6.25591e-07         9.85298e-07         1.53629e-06         2.37152e-06         3.62446e-06         5.48455e-06         8.21745e-06         1.21913e-05         1.79101e-05         2.60555e-05          3.7538e-05         5.35593e-05         7.56847e-05         0.000105928         0.000146847         0.000201647         0.000274289         0.000369609         0.000493417         0.000652602         0.000855203          0.00111046          0.00142882          0.00182188           0.0023023          0.00288357          0.00357983          0.00440545          0.00537466          0.00650104          0.00779699          0.00927312           0.0109377            0.012796             0.01485           0.0170975           0.0195323           0.0221437           0.0249167           0.0278319            0.030866           0.0339926           0.0371823            0.040404
                   0         8.37948e-24         1.73987e-23         2.84669e-23         4.54054e-23         7.87658e-23         1.57414e-22         3.59335e-22         8.92494e-22         2.30439e-21         6.01801e-21         1.56847e-20         4.05558e-20         1.03776e-19         2.62522e-19         6.56293e-19         1.62121e-18         3.95713e-18         9.54419e-18         2.27476e-17         5.35788e-17         1.24721e-16         2.86943e-16         6.52516e-16         1.46673e-15         3.25909e-15         7.15902e-15          1.5547e-14         3.33809e-14         7.08649e-14         1.48754e-13         3.08768e-13         6.33786e-13         1.28654e-12         2.58282e-12         5.12833e-12         1.00714e-11         1.95639e-11         3.75916e-11         7.14528e-11         1.34356e-10         2.49933e-10         4.59981e-10         8.37572e-10           1.509e-09         2.69005e-09         4.74517e-09         8.28292e-09         1.43077e-08         2.44587e-08         4.13797e-08         6.92867e-08         1.14826e-07         1.88352e-07         3.05819e-07         4.91513e-07         7.81988e-07         1.23162e-06         1.92037e-06          2.9644e-06         4.53058e-06         6.85569e-06         1.02718e-05         1.52391e-05         2.23876e-05         3.25693e-05         4.69225e-05         6.69491e-05         9.46059e-05          0.00013241         0.000183559         0.000252058         0.000342862         0.000462011         0.000616771         0.000815752            0.001069          0.00138808          0.00178603          0.00227735          0.00287787          0.00360446          0.00447479          0.00550681          0.00671832           0.0081263          0.00974623           0.0115914           0.0136721            0.015995           0.0185625           0.0213719           0.0244154           0.0276797           0.0311459           0.0347898           0.0385825           0.0424907           0.0464778           0.0505051
                   0         2.26345e-23         4.60366e-23         7.18976e-23         1.04803e-22         1.57414e-22         2.64372e-22         5.19255e-22         1.17163e-21         2.87849e-21          7.3474e-21         1.89601e-20         4.88179e-20         1.24694e-19         3.15203e-19         7.87741e-19         1.94565e-18         4.74877e-18         1.14533e-17         2.72973e-17         6.42948e-17         1.49665e-16         3.44332e-16          7.8302e-16         1.76007e-15          3.9109e-15         8.59082e-15         1.86564e-14         4.00571e-14         8.50379e-14         1.78505e-13         3.70521e-13         7.60544e-13         1.54385e-12         3.09938e-12           6.154e-12         1.20857e-11         2.34766e-11           4.511e-11         8.57433e-11         1.61227e-10          2.9992e-10         5.51977e-10         1.00509e-09          1.8108e-09         3.22806e-09         5.69421e-09          9.9395e-09         1.71693e-08         2.93504e-08         4.96556e-08          8.3144e-08         1.37791e-07         2.26023e-07         3.66983e-07         5.89815e-07         9.38386e-07         1.47795e-06         2.30444e-06         3.55728e-06         5.43669e-06         8.22682e-06         1.23262e-05          1.8287e-05         2.68652e-05         3.90832e-05          5.6307e-05         8.03389e-05         0.000113527         0.000158892         0.000220271          0.00030247         0.000411434         0.000554413         0.000740126         0.000978903          0.00128281          0.00166569          0.00214323          0.00273282          0.00345344          0.00432536          0.00536974          0.00660817          0.00806199          0.00975156           0.0116955           0.0139097           0.0164065           0.0191941            0.022275           0.0256463           0.0292985           0.0332156            0.037375           0.0417478            0.046299           0.0509888           0.0557734           0.0606061
                   0         6.15438e-23         1.23983e-22         1.89291e-22         2.62818e-22         3.59335e-22         5.19255e-22         8.51756e-22         1.64799e-21         3.67447e-21         8.92334e-21         2.25066e-20         5.73759e-20         1.45934e-19         3.68229e-19         9.19558e-19         2.27048e-18         5.54083e-18         1.33628e-17         3.18476e-17         7.50113e-17          1.7461e-16         4.01721e-16         9.13524e-16         2.05342e-15         4.56272e-15         1.00226e-14         2.17658e-14         4.67333e-14         9.92109e-14         2.08255e-13         4.32275e-13         8.87301e-13         1.80116e-12         3.61595e-12         7.17966e-12            1.41e-11         2.73894e-11         5.26283e-11         1.00034e-10         1.88098e-10         3.49907e-10         6.43973e-10          1.1726e-09          2.1126e-09         3.76607e-09         6.64324e-09         1.15961e-08         2.00308e-08         3.42422e-08         5.79315e-08         9.70013e-08         1.60756e-07         2.63693e-07         4.28146e-07         6.88118e-07         1.09478e-06         1.72427e-06         2.68851e-06         4.15016e-06         6.34281e-06         9.59796e-06         1.43805e-05         2.13348e-05         3.13427e-05         4.55971e-05         6.56915e-05         9.37287e-05         0.000132448         0.000185374         0.000256982         0.000352881         0.000480006         0.000646816          0.00086348          0.00114205          0.00149661          0.00194331          0.00250044           0.0031883          0.00402902          0.00504625           0.0062647          0.00770954          0.00940565           0.0113768           0.0136447            0.016228            0.019141           0.0223931           0.0259875           0.0299206           0.0341815           0.0387515           0.0436042           0.0487057           0.0540155            0.059487            0.065069           0.0707071
                   0         1.66701e-22         3.34425e-22         5.05428e-22         6.85824e-22         8.92494e-22         1.17163e-21         1.64799e-21         2.65434e-21         5.06668e-21         1.11618e-20         2.67818e-20         6.67288e-20         1.68034e-19         4.22182e-19         1.05237e-18         2.59638e-18         6.33402e-18         1.52735e-17          3.6399e-17         8.57291e-17         1.99556e-16         4.59112e-16         1.04403e-15         2.34677e-15         5.21454e-15         1.14544e-14         2.48752e-14         5.34095e-14         1.13384e-13         2.38006e-13         4.94028e-13         1.01406e-12         2.05846e-12         4.13251e-12         8.20533e-12         1.61142e-11         3.13022e-11         6.01466e-11         1.14324e-10          2.1497e-10         3.99894e-10          7.3597e-10         1.34012e-09          2.4144e-09         4.30408e-09         7.59228e-09         1.32527e-08         2.28924e-08         3.91339e-08         6.62074e-08         1.10859e-07         1.83721e-07         3.01364e-07          4.8931e-07         7.86421e-07         1.25118e-06          1.9706e-06         3.07259e-06         4.74304e-06         7.24892e-06         1.09691e-05         1.64349e-05         2.43826e-05         3.58202e-05         5.21109e-05         7.50761e-05         0.000107119         0.000151369         0.000211856         0.000293694         0.000403293         0.000548579         0.000739218         0.000986834           0.0013052          0.00171041          0.00222092          0.00285764          0.00364377          0.00460459          0.00576714          0.00715966           0.0088109           0.0107493           0.0130021            0.015594           0.0185462           0.0218754           0.0255921              0.0297            0.034195           0.0390646           0.0442875           0.0498334           0.0556637            0.061732           0.0679851           0.0743645           0.0808081
                   0         4.47606e-22         8.96364e-22         1.34881e-21         1.81182e-21         2.30439e-21         2.87849e-21         3.67447e-21         5.06668e-21         8.04062e-21         1.51576e-20         3.29903e-20         7.81907e-20         1.92419e-19         4.78596e-19         1.18782e-18         2.92509e-18         7.13019e-18         1.71873e-17         4.09539e-17         9.64505e-17         2.24506e-16         5.16507e-16         1.17454e-15         2.64012e-15         5.86637e-15         1.28862e-14         2.79846e-14         6.00856e-14         1.27557e-13         2.67757e-13         5.55782e-13         1.14082e-12         2.31577e-12         4.64908e-12           9.231e-12         1.81285e-11          3.5215e-11          6.7665e-11         1.28615e-10         2.41841e-10          4.4988e-10         8.27966e-10         1.50763e-09          2.7162e-09         4.84209e-09         8.54131e-09         1.49092e-08         2.57539e-08         4.40256e-08         7.44834e-08         1.24716e-07         2.06686e-07         3.39034e-07         5.50474e-07         8.84723e-07         1.40758e-06         2.21692e-06         3.45666e-06         5.33592e-06         8.15504e-06         1.23402e-05         1.84893e-05         2.74304e-05         4.02977e-05         5.86248e-05         8.44606e-05         0.000120508         0.000170291         0.000238338         0.000330406         0.000453705         0.000617151          0.00083162          0.00111019          0.00146835          0.00192421          0.00249854          0.00321485          0.00409924          0.00518017          0.00648804          0.00805462          0.00991226            0.012093           0.0146273           0.0175432           0.0208645           0.0246098           0.0287911           0.0334125           0.0384694           0.0439477           0.0498234           0.0560626           0.0626217           0.0694485           0.0764832           0.0836601           0.0909091
                   0         1.18885e-21         2.37899e-21         3.57322e-21         4.77919e-21         6.01801e-21          7.3474e-21         8.92334e-21         1.11618e-20         1.51576e-20          2.3757e-20         4.42625e-20         9.51768e-20         2.22789e-19         5.41454e-19         1.33017e-18         3.26116e-18         7.93419e-18         1.91095e-17         4.55174e-17         1.07181e-16         2.49466e-16         5.73912e-16         1.30506e-15         2.93349e-15          6.5182e-15         1.43181e-14          3.1094e-14         6.67618e-14          1.4173e-13         2.97508e-13         6.17535e-13         1.26757e-12         2.57308e-12         5.16564e-12         1.02567e-11         2.01428e-11         3.91277e-11         7.51833e-11         1.42906e-10         2.68712e-10         4.99867e-10         9.19962e-10         1.67514e-09           3.018e-09          5.3801e-09         9.49035e-09         1.65658e-08         2.86155e-08         4.89174e-08         8.27593e-08         1.38573e-07         2.29651e-07         3.76705e-07         6.11638e-07         9.83026e-07         1.56398e-06         2.46325e-06         3.84073e-06          5.9288e-06         9.06115e-06         1.37114e-05         2.05436e-05         3.04783e-05         4.47753e-05         6.51387e-05         9.38451e-05         0.000133898         0.000189212          0.00026482         0.000367118         0.000504116         0.000685723         0.000924022          0.00123354           0.0016315          0.00213801          0.00277615          0.00357205          0.00455471          0.00575574          0.00720893          0.00894957           0.0110136           0.0134366           0.0162526           0.0194925           0.0231828           0.0273442           0.0319901            0.037125           0.0427438           0.0488308           0.0553594           0.0622917           0.0695796            0.077165           0.0849814           0.0929557             0.10101
                   0         3.12073e-21         6.24286e-21          9.3695e-21         1.25091e-20         1.56847e-20         1.89601e-20         2.25066e-20         2.67818e-20         3.29903e-20         4.42625e-20         6.86316e-20          1.2645e-19         2.68636e-19         6.20981e-19         1.49038e-18         3.61629e-18         8.75843e-18         2.10531e-17         5.01036e-17         1.17935e-16          2.7445e-16         6.31343e-16         1.43561e-15         3.22688e-15         7.17007e-15         1.57499e-14         3.42035e-14         7.34381e-14         1.55903e-13         3.27259e-13         6.79289e-13         1.39433e-12         2.83039e-12          5.6822e-12         1.12823e-11         2.21571e-11         4.30405e-11         8.27016e-11         1.57196e-10         2.95583e-10         5.49854e-10         1.01196e-09         1.84266e-09          3.3198e-09         5.91811e-09         1.04394e-08         1.82224e-08          3.1477e-08         5.38091e-08         9.10352e-08         1.52431e-07         2.52616e-07         4.14375e-07         6.72801e-07         1.08133e-06         1.72037e-06         2.70957e-06         4.22481e-06         6.52168e-06         9.96727e-06         1.50825e-05          2.2598e-05         3.35261e-05         4.92528e-05         7.16525e-05          0.00010323         0.000147288         0.000208133         0.000291303          0.00040383         0.000554528         0.000754296          0.00101642           0.0013569          0.00179465          0.00235181          0.00305377          0.00392926          0.00501018          0.00633131          0.00792982          0.00984453            0.012115           0.0147803           0.0178779           0.0214417           0.0255011           0.0300787           0.0351891           0.0408375           0.0470181           0.0537139           0.0608953           0.0685209           0.0765376           0.0848815           0.0934795            0.102251            0.111111
                   0         8.09347e-21         1.61885e-20         2.42884e-20         3.24024e-20         4.05558e-20         4.88179e-20         5.73759e-20         6.67288e-20         7.81907e-20         9.51768e-20          1.2645e-19         1.94214e-19         3.54015e-19         7.43081e-19          1.6962e-18         4.02007e-18         9.63436e-18         2.30514e-17         5.47476e-17         1.28751e-16         2.99499e-16         6.88841e-16         1.56622e-15         3.52034e-15         7.82201e-15         1.71819e-14          3.7313e-14         8.01144e-14         1.70076e-13          3.5701e-13         7.41042e-13         1.52109e-12          3.0877e-12         6.19877e-12          1.2308e-11         2.41713e-11         4.69533e-11           9.022e-11         1.71487e-10         3.22454e-10          5.9984e-10         1.10395e-09         2.01017e-09          3.6216e-09         6.45612e-09         1.13884e-08          1.9879e-08         3.43386e-08         5.87008e-08         9.93112e-08         1.66288e-07         2.75581e-07         4.52046e-07         7.33965e-07         1.17963e-06         1.87677e-06         2.95589e-06         4.60888e-06         7.11456e-06         1.08734e-05         1.64536e-05         2.46524e-05         3.65739e-05         5.37303e-05         7.81664e-05         0.000112614         0.000160678         0.000227054         0.000317785         0.000440541          0.00060494         0.000822868          0.00110883          0.00148025          0.00195781          0.00256561          0.00333139          0.00428646          0.00546565          0.00690689          0.00865072           0.0107395           0.0132163            0.016124           0.0195031            0.023391           0.0278194           0.0328131           0.0383881             0.04455           0.0512925           0.0585969           0.0664312           0.0747501           0.0834956            0.092598            0.101978            0.111547            0.121212
                   0          2.0736e-20         4.14736e-20         6.22166e-20         8.29748e-20         1.03776e-19         1.24694e-19         1.45934e-19         1.68034e-19         1.92419e-19         2.22789e-19         2.68636e-19         3.54015e-19         5.39101e-19         9.72557e-19         2.01708e-18         4.54656e-18         1.06407e-17         2.51878e-17         5.95373e-17         1.39719e-16         3.24708e-16         7.46507e-16         1.69702e-15         3.81399e-15         8.47414e-15          1.8614e-14         4.04228e-14         8.67909e-14         1.84249e-13         3.86761e-13         8.02796e-13         1.64784e-12           3.345e-12         6.71533e-12         1.33337e-11         2.61856e-11         5.08661e-11         9.77383e-11         1.85777e-10         3.49326e-10         6.49827e-10         1.19595e-09         2.17769e-09          3.9234e-09         6.99413e-09         1.23375e-08         2.15356e-08         3.72001e-08         6.35926e-08         1.07587e-07         1.80145e-07         2.98547e-07         4.89716e-07         7.95129e-07         1.27793e-06         2.03317e-06         3.20222e-06         4.99295e-06         7.70744e-06         1.17795e-05         1.78248e-05         2.67067e-05         3.96218e-05         5.82078e-05         8.46803e-05         0.000121999         0.000174068         0.000245975         0.000344267         0.000477253         0.000655351          0.00089144          0.00120123          0.00160361          0.00212096          0.00277941            0.003609          0.00464367          0.00592112          0.00748246          0.00937161           0.0116344           0.0143177           0.0174676           0.0211284           0.0253402           0.0301376           0.0355475           0.0415871           0.0482625           0.0555669             0.06348           0.0719672           0.0809793           0.0904535            0.100315            0.110476            0.120842            0.131313
                   0         5.24838e-20         1.04969e-19         1.57461e-19         2.09969e-19         2.62522e-19         3.15203e-19         3.68229e-19         4.22182e-19         4.78596e-19         5.41454e-19         6.20981e-19         7.43081e-19         9.72557e-19         1.46951e-18         2.62453e-18         5.37874e-18         1.19718e-17          2.7668e-17           6.469e-17          1.5107e-16         3.50319e-16         8.04594e-16         1.82825e-15          4.1081e-15         9.12675e-15         2.00466e-14          4.3533e-14          9.3468e-14         1.98423e-13         4.16513e-13         8.64551e-13          1.7746e-12         3.60231e-12          7.2319e-12         1.43593e-11         2.81999e-11         5.47788e-11         1.05257e-10         2.00068e-10         3.76197e-10         6.99814e-10         1.28795e-09          2.3452e-09          4.2252e-09         7.53214e-09         1.32865e-08         2.31922e-08         4.00617e-08         6.84843e-08         1.15863e-07         1.94003e-07         3.21512e-07         5.27387e-07         8.56293e-07         1.37624e-06         2.18957e-06         3.44854e-06         5.37703e-06         8.30032e-06         1.26856e-05         1.91959e-05         2.87611e-05         4.26696e-05         6.26854e-05         9.11941e-05         0.000131383         0.000187457         0.000264896         0.000370749         0.000513965         0.000705763         0.000960013          0.00129363          0.00172696          0.00228411          0.00299321          0.00388662          0.00500087          0.00637659          0.00805803           0.0100925           0.0125294           0.0154191           0.0188113           0.0227536           0.0272895           0.0324559           0.0382819           0.0447861            0.051975           0.0598413           0.0683631           0.0775031           0.0872084           0.0974115            0.108031            0.118974            0.130138            0.141414
                   0         1.31237e-19         2.62475e-19          3.9372e-19         5.24982e-19         6.56293e-19         7.87741e-19         9.19558e-19         1.05237e-18         1.18782e-18         1.33017e-18         1.49038e-18          1.6962e-18         2.01708e-18         2.62453e-18         3.93705e-18           6.963e-18          1.4102e-17         3.09944e-17         7.07357e-17         1.63361e-16         3.76917e-16         8.63716e-16         1.96057e-15         4.40334e-15         9.78054e-15         2.14805e-14         4.66445e-14         1.00146e-13         2.12599e-13         4.46266e-13         9.26307e-13         1.90136e-12         3.85962e-12         7.74846e-12          1.5385e-11         3.02142e-11         5.86916e-11         1.12775e-10         2.14358e-10         4.03068e-10           7.498e-10         1.37994e-09         2.51272e-09           4.527e-09         8.07015e-09         1.42355e-08         2.48487e-08         4.29232e-08          7.3376e-08         1.24139e-07          2.0786e-07         3.44477e-07         5.65057e-07         9.17456e-07         1.47454e-06         2.34597e-06         3.69487e-06          5.7611e-06          8.8932e-06         1.35917e-05         2.05671e-05         3.08155e-05         4.57174e-05         6.71629e-05          9.7708e-05         0.000140768         0.000200847         0.000283818         0.000397231         0.000550677         0.000756174          0.00102859          0.00138603          0.00185031          0.00244726          0.00320701          0.00416423          0.00535808          0.00683206          0.00863361           0.0108134           0.0134244           0.0165204            0.020155           0.0243789           0.0292387           0.0347742           0.0410164           0.0479851           0.0556874           0.0641156           0.0732462            0.083039           0.0934376            0.104369            0.115748            0.127472            0.139434            0.151515
                   0         3.24217e-19         6.48437e-19         9.72663e-19         1.29691e-18         1.62121e-18         1.94565e-18         2.27048e-18         2.59638e-18         2.92509e-18         3.26116e-18         3.61629e-18         4.02007e-18         4.54656e-18         5.37874e-18           6.963e-18         1.03749e-17         1.81741e-17         3.63768e-17         7.89519e-17         1.77936e-16         4.05914e-16          9.2535e-16         2.09551e-15         4.70131e-15         1.04372e-14         2.29173e-14         4.97591e-14         1.06828e-13         2.26777e-13         4.76022e-13         9.88066e-13         2.02813e-12         4.11694e-12         8.26503e-12         1.64107e-11         3.22285e-11         6.26044e-11         1.20293e-10         2.28649e-10         4.29939e-10         7.99787e-10         1.47194e-09         2.68023e-09          4.8288e-09         8.60816e-09         1.51846e-08         2.65053e-08         4.57848e-08         7.82678e-08         1.32415e-07         2.21717e-07         3.67442e-07         6.02728e-07          9.7862e-07         1.57284e-06         2.50236e-06         3.94119e-06         6.14517e-06         9.48608e-06         1.44978e-05         2.19382e-05         3.28698e-05         4.87652e-05         7.16404e-05         0.000104222         0.000150152         0.000214237         0.000302739         0.000423713         0.000587389         0.000806586          0.00109716          0.00147844          0.00197367          0.00261041          0.00342081          0.00444185          0.00571528          0.00728753          0.00920918           0.0115343           0.0143193           0.0176218           0.0214986           0.0260042           0.0311879           0.0370925           0.0437508           0.0511841           0.0593999             0.06839           0.0781293            0.088575           0.0996668            0.111327            0.123464             0.13597            0.148729            0.161616
                   0         7.91401e-19          1.5828e-18         2.37422e-18         3.16565e-18         3.95713e-18         4.74877e-18         5.54083e-18         6.33402e-18         7.13019e-18         7.93419e-18         8.75843e-18         9.63436e-18         1.06407e-17         1.19718e-17          1.4102e-17         1.81741e-17         2.69076e-17          4.6695e-17         9.23778e-17         1.97995e-16         4.40669e-16         9.93016e-16         2.23676e-15         5.00587e-15         1.11007e-14         2.43612e-14         5.28812e-14         1.13517e-13         2.40964e-13         5.05787e-13         1.04983e-12          2.1549e-12         4.37426e-12         8.78161e-12         1.74364e-11         3.42428e-11         6.65172e-11         1.27812e-10         2.42939e-10          4.5681e-10         8.49774e-10         1.56394e-09         2.84775e-09          5.1306e-09         9.14617e-09         1.61336e-08         2.81619e-08         4.86463e-08         8.31595e-08         1.40691e-07         2.35575e-07         3.90407e-07         6.40398e-07         1.03978e-06         1.67114e-06         2.65876e-06         4.18752e-06         6.52925e-06          1.0079e-05          1.5404e-05         2.33093e-05         3.49242e-05         5.18131e-05         7.61179e-05         0.000110736         0.000159537         0.000227627          0.00032166         0.000450195           0.0006241         0.000856998          0.00116573          0.00157084          0.00209702          0.00277356          0.00363461          0.00471946          0.00607249            0.007743          0.00978476           0.0122552           0.0152143           0.0187232           0.0228423           0.0276294           0.0331372           0.0394108           0.0464852           0.0543831           0.0631124           0.0726644           0.0830123           0.0941109            0.105896            0.118285            0.131181            0.144468            0.158025            0.171717
                   0         1.90881e-18         3.81763e-18         5.72645e-18         7.63529e-18         9.54419e-18         1.14533e-17         1.33628e-17         1.52735e-17         1.71873e-17         1.91095e-17         2.10531e-17         2.30514e-17         2.51878e-17          2.7668e-17         3.09944e-17         3.63768e-17          4.6695e-17         6.87172e-17         1.18158e-16         2.31059e-16         4.89078e-16         1.07499e-15         2.39296e-15         5.32603e-15         1.17804e-14         2.58221e-14         5.60207e-14         1.20225e-13         2.55169e-13         5.35571e-13         1.11162e-12         2.28169e-12         4.63161e-12         9.29822e-12         1.84621e-11         3.62571e-11           7.043e-11          1.3533e-10          2.5723e-10         4.83682e-10         8.99761e-10         1.65593e-09         3.01526e-09          5.4324e-09         9.68418e-09         1.70826e-08         2.98185e-08         5.15079e-08         8.80513e-08         1.48967e-07         2.49432e-07         4.13372e-07         6.78069e-07         1.10095e-06         1.76945e-06         2.81516e-06         4.43384e-06         6.91332e-06         1.06718e-05         1.63101e-05         2.46805e-05         3.69785e-05         5.48609e-05         8.05955e-05          0.00011725         0.000168921         0.000241017         0.000340581         0.000476677         0.000660812         0.000907409           0.0012343          0.00166324          0.00222038          0.00293671          0.00384842          0.00499708           0.0064297          0.00819847           0.0103603           0.0129761           0.0161092           0.0198245            0.024186           0.0292547           0.0350864            0.041729           0.0492196           0.0575822           0.0668249           0.0769388           0.0878954           0.0996468            0.112125            0.125243            0.138897            0.152966             0.16732            0.181818
