0                   0                   0                   0                   0                   0                   0                   0                   0                   0                   0                   0                   0                   0                   0                   0                   0                   0                   0                   0                   0                   0                   0                   0                   0                   0                   0                   0                   0                   0                   0                   0                   0                   0                   0                   0                   0                   0                   0                   0                   0                   0                   0                   0                   0                   0                   0                   0                   0                   0                   0                   0                   0                   0                   0                   0                   0                   0                   0                   0                   0                   0                   0                   0                   0                   0                   0                   0                   0                   0                   0                   0                   0                   0                   0                   0                   0                   0                   0                   0                   0                   0                   0                   0                   0                   0                   0                   0                   0                   0                   0                   0                   0                   0                   0                   0                   0                   0                   0                   0
                   0          0.00010203         0.000204061         0.000306091         0.000408122         0.000510152         0.000612182         0.000714213         0.000816243         0.000918274           0.0010203          0.00112233          0.00122436           0.0013264          0.00142843          0.00153046          0.00163249          0.00173452          0.00183655          0.00193858          0.00204061          0.00214264          0.00224467           0.0023467          0.00244873          0.00255076          0.00265279          0.00275482          0.00285685          0.00295888          0.00306091          0.00316294          0.00326497            0.003367          0.00346903          0.00357106          0.00367309          0.00377512          0.00387716          0.00397919          0.00408122          0.00418325          0.00428528          0.00438731          0.00448934          0.00459137           0.0046934          0.00479543          0.00489746          0.00499949          0.00510152          0.00520355          0.00530558          0.00540761          0.00550964          0.00561167           0.0057137          0.00581573          0.00591776          0.00601979          0.00612182          0.00622385          0.00632589          0.00642792          0.00652995          0.00663198          0.00673401          0.00683604          0.00693807           0.0070401          0.00714213          0.00724416          0.00734619          0.00744822          0.00755025          0.00765228          0.00775431          0.00785634          0.00795837           0.0080604          0.00816243          0.00826446          0.00836649          0.00846852          0.00857055          0.00867258          0.00877461          0.00887665          0.00897868          0.00908071          0.00918274          0.00928477           0.0093868          0.00948883          0.00959086          0.00969289          0.00979492          0.00989695          0.00999898            0.010101
                   0         0.000204061         0.000408122         0.000612182         0.000816243           0.0010203          0.00122436          0.00142843          0.00163249          0.00183655          0.00204061          0.00224467          0.00244873          0.00265279          0.00285685          0.00306091          0.00326497          0.00346903          0.00367309          0.00387716          0.00408122          0.00428528          0.00448934           0.0046934          0.00489746          0.00510152          0.00530558          0.00550964           0.0057137          0.00591776          0.00612182          0.00632589          0.00652995          0.00673401          0.00693807          0.00714213          0.00734619          0.00755025          0.00775431          0.00795837          0.00816243          0.00836649          0.00857055          0.00877461          0.00897868          0.00918274           0.0093868          0.00959086          0.00979492          0.00999898            0.010203           0.0104071           0.0106112           0.0108152           0.0110193           0.0112233           0.0114274           0.0116315           0.0118355           0.0120396           0.0122436           0.0124477           0.0126518           0.0128558           0.0130599            0.013264            0.013468           0.0136721           0.0138761           0.0140802           0.0142843           0.0144883           0.0146924           0.0148964           0.0151005           0.0153046           0.0155086           0.0157127           0.0159167           0.0161208           0.0163249           0.0165289            0.016733            0.016937           0.0171411           0.0173452           0.0175492           0.0177533           0.0179574           0.0181614           0.0183655           0.0185695           0.0187736           0.0189777           0.0191817           0.0193858           0.0195898           0.0197939            0.019998            0.020202
                   0         0.000306091         0.000612182         0.000918274          0.00122436          0.00153046          0.00183655          0.00214264          0.00244873          0.00275482          0.00306091            0.003367          0.00367309          0.00397919          0.00428528          0.00459137          0.00489746          0.00520355          0.00550964          0.00581573          0.00612182          0.00642792          0.00673401           0.0070401          0.00734619          0.00765228          0.00795837          0.00826446          0.00857055          0.00887665          0.00918274          0.00948883          0.00979492            0.010101           0.0104071           0.0107132           0.0110193           0.0113254           0.0116315           0.0119376           0.0122436           0.0125497           0.0128558           0.0131619            0.013468           0.0137741           0.0140802           0.0143863           0.0146924           0.0149985           0.0153046           0.0156107           0.0159167           0.0162228           0.0165289            0.016835           0.0171411           0.0174472           0.0177533           0.0180594           0.0183655           0.0186716           0.0189777           0.0192837           0.0195898           0.0198959            0.020202           0.0205081           0.0208142           0.0211203           0.0214264           0.0217325           0.0220386           0.0223447           0.0226507           0.0229568           0.0232629            0.023569           0.0238751           0.0241812           0.0244873           0.0247934           0.0250995           0.0254056           0.0257117           0.0260178           0.0263238           0.0266299            0.026936           0.0272421           0.0275482           0.0278543           0.0281604           0.0284665           0.0287726           0.0290787           0.0293848           0.0296908           0.0299969            0.030303
                   0         0.000408122         0.000816243          0.00122436          0.00163249          0.00204061          0.00244873          0.00285685          0.00326497          0.00367309          0.00408122          0.00448934          0.00489746          0.00530558           0.0057137          0.00612182          0.00652995          0.00693807          0.00734619          0.00775431          0.00816243          0.00857055          0.00897868           0.0093868          0.00979492            0.010203           0.0106112           0.0110193           0.0114274           0.0118355           0.0122436           0.0126518           0.0130599            0.013468           0.0138761           0.0142843           0.0146924           0.0151005           0.0155086           0.0159167           0.0163249            0.016733           0.0171411           0.0175492           0.0179574           0.0183655           0.0187736           0.0191817           0.0195898            0.019998           0.0204061           0.0208142           0.0212223           0.0216304           0.0220386           0.0224467           0.0228548           0.0232629           0.0236711           0.0240792           0.0244873           0.0248954           0.0253035           0.0257117           0.0261198           0.0265279            0.026936           0.0273441           0.0277523           0.0281604           0.0285685           0.0289766           0.0293848           0.0297929            0.030201           0.0306091           0.0310172           0.0314254           0.0318335           0.0322416           0.0326497           0.0330579            0.033466           0.0338741           0.0342822           0.0346903           0.0350985           0.0355066           0.0359147           0.0363228           0.0367309           0.0371391           0.0375472           0.0379553           0.0383634           0.0387716           0.0391797           0.0395878           0.0399959            0.040404
                   0         0.000510152           0.0010203          0.00153046          0.00204061          0.00255076          0.00306091          0.00357106          0.00408122          0.00459137          0.00510152          0.00561167          0.00612182          0.00663198          0.00714213          0.00765228          0.00816243          0.00867258          0.00918274          0.00969289            0.010203           0.0107132           0.0112233           0.0117335           0.0122436           0.0127538            0.013264           0.0137741           0.0142843           0.0147944           0.0153046           0.0158147           0.0163249            0.016835           0.0173452           0.0178553           0.0183655           0.0188756           0.0193858           0.0198959           0.0204061           0.0209162           0.0214264           0.0219365           0.0224467           0.0229568            0.023467           0.0239771           0.0244873           0.0249974           0.0255076           0.0260178           0.0265279           0.0270381           0.0275482           0.0280584           0.0285685           0.0290787           0.0295888            0.030099           0.0306091           0.0311193           0.0316294           0.0321396           0.0326497           0.0331599             0.03367           0.0341802           0.0346903           0.0352005           0.0357106           0.0362208           0.0367309           0.0372411           0.0377512           0.0382614           0.0387716           0.0392817           0.0397919            0.040302           0.0408122           0.0413223           0.0418325           0.0423426           0.0428528           0.0433629           0.0438731           0.0443832           0.0448934           0.0454035           0.0459137           0.0464238            0.046934           0.0474441           0.0479543           0.0484644           0.0489746           0.0494847           0.0499949           0.0505051
                   0         0.000612182          0.00122436          0.00183655          0.00244873          0.00306091          0.00367309          0.00428528          0.00489746          0.00550964          0.00612182          0.00673401          0.00734619          0.00795837          0.00857055          0.00918274          0.00979492           0.0104071           0.0110193           0.0116315           0.0122436           0.0128558            0.013468           0.0140802           0.0146924           0.0153046           0.0159167           0.0165289           0.0171411           0.0177533           0.0183655           0.0189777           0.0195898            0.020202           0.0208142           0.0214264           0.0220386           0.0226507           0.0232629           0.0238751           0.0244873           0.0250995           0.0257117           0.0263238            0.026936           0.0275482           0.0281604           0.0287726           0.0293848           0.0299969           0.0306091           0.0312213           0.0318335           0.0324457           0.0330579             0.03367           0.0342822           0.0348944           0.0355066           0.0361188           0.0367309           0.0373431           0.0379553           0.0385675           0.0391797           0.0397919            0.040404           0.0410162           0.0416284           0.0422406           0.0428528            0.043465           0.0440771           0.0446893           0.0453015           0.0459137           0.0465259            0.047138           0.0477502           0.0483624           0.0489746           0.0495868            0.050199           0.0508111           0.0514233           0.0520355           0.0526477           0.0532599           0.0538721           0.0544842           0.0550964           0.0557086           0.0563208            0.056933           0.0575451           0.0581573           0.0587695           0.0593817           0.0599939           0.0606061
                   0         0.000714213          0.00142843          0.00214264          0.00285685          0.00357106          0.00428528          0.00499949           0.0057137          0.00642792          0.00714213          0.00785634          0.00857055          0.00928477          0.00999898           0.0107132           0.0114274           0.0121416           0.0128558             0.01357           0.0142843           0.0149985           0.0157127           0.0164269           0.0171411           0.0178553           0.0185695           0.0192837            0.019998           0.0207122           0.0214264           0.0221406           0.0228548            0.023569           0.0242832           0.0249974           0.0257117           0.0264259           0.0271401           0.0278543           0.0285685           0.0292827           0.0299969           0.0307112           0.0314254           0.0321396           0.0328538            0.033568           0.0342822           0.0349964           0.0357106           0.0364249           0.0371391           0.0378533           0.0385675           0.0392817           0.0399959           0.0407101           0.0414243           0.0421386           0.0428528            0.043567           0.0442812           0.0449954           0.0457096           0.0464238            0.047138           0.0478523           0.0485665           0.0492807           0.0499949           0.0507091           0.0514233           0.0521375           0.0528517            0.053566           0.0542802           0.0549944           0.0557086           0.0564228            0.057137           0.0578512           0.0585655           0.0592797           0.0599939           0.0607081           0.0614223           0.0621365           0.0628507           0.0635649           0.0642792           0.0649934           0.0657076           0.0664218            0.067136           0.0678502           0.0685644           0.0692786           0.0699929           0.0707071
                   0         0.000816243          0.00163249          0.00244873          0.00326497          0.00408122          0.00489746           0.0057137          0.00652995          0.00734619          0.00816243          0.00897868          0.00979492           0.0106112           0.0114274           0.0122436           0.0130599           0.0138761           0.0146924           0.0155086           0.0163249           0.0171411           0.0179574           0.0187736           0.0195898           0.0204061           0.0212223           0.0220386           0.0228548           0.0236711           0.0244873           0.0253035           0.0261198            0.026936           0.0277523           0.0285685           0.0293848            0.030201           0.0310172           0.0318335           0.0326497            0.033466           0.0342822           0.0350985           0.0359147           0.0367309           0.0375472           0.0383634           0.0391797           0.0399959           0.0408122           0.0416284           0.0424446           0.0432609           0.0440771           0.0448934           0.0457096           0.0465259           0.0473421           0.0481584           0.0489746           0.0497908           0.0506071           0.0514233           0.0522396           0.0530558           0.0538721           0.0546883           0.0555045           0.0563208            0.057137           0.0579533           0.0587695           0.0595858            0.060402           0.0612182           0.0620345           0.0628507            0.063667           0.0644832           0.0652995           0.0661157           0.0669319           0.0677482           0.0685644           0.0693807           0.0701969           0.0710132           0.0718294           0.0726456           0.0734619           0.0742781           0.0750944           0.0759106           0.0767269           0.0775431           0.0783594           0.0791756           0.0799918           0.0808081
                   0         0.000918274          0.00183655          0.00275482          0.00367309          0.00459137          0.00550964          0.00642792          0.00734619          0.00826446          0.00918274            0.010101           0.0110193           0.0119376           0.0128558           0.0137741           0.0146924           0.0156107           0.0165289           0.0174472           0.0183655           0.0192837            0.020202           0.0211203           0.0220386           0.0229568           0.0238751           0.0247934           0.0257117           0.0266299           0.0275482           0.0284665           0.0293848            0.030303           0.0312213           0.0321396           0.0330579           0.0339761           0.0348944           0.0358127           0.0367309           0.0376492           0.0385675           0.0394858            0.040404           0.0413223           0.0422406           0.0431589           0.0440771           0.0449954           0.0459137            0.046832           0.0477502           0.0486685           0.0495868           0.0505051           0.0514233           0.0523416           0.0532599           0.0541781           0.0550964           0.0560147            0.056933           0.0578512           0.0587695           0.0596878           0.0606061           0.0615243           0.0624426           0.0633609           0.0642792           0.0651974           0.0661157            0.067034           0.0679522           0.0688705           0.0697888           0.0707071           0.0716253           0.0725436           0.0734619           0.0743802           0.0752984           0.0762167            0.077135           0.0780533           0.0789715           0.0798898           0.0808081           0.0817264           0.0826446           0.0835629           0.0844812           0.0853994           0.0863177            0.087236           0.0881543           0.0890725           0.0899908           0.0909091
                   0           0.0010203          0.00204061          0.00306091          0.00408122          0.00510152          0.00612182          0.00714213          0.00816243          0.00918274            0.010203           0.0112233           0.0122436            0.013264           0.0142843           0.0153046           0.0163249           0.0173452           0.0183655           0.0193858           0.0204061           0.0214264           0.0224467            0.023467           0.0244873           0.0255076           0.0265279           0.0275482           0.0285685           0.0295888           0.0306091           0.0316294           0.0326497             0.03367           0.0346903           0.0357106           0.0367309           0.0377512           0.0387716           0.0397919           0.0408122           0.0418325           0.0428528           0.0438731           0.0448934           0.0459137            0.046934           0.0479543           0.0489746           0.0499949           0.0510152           0.0520355           0.0530558           0.0540761           0.0550964           0.0561167            0.057137           0.0581573           0.0591776           0.0601979           0.0612182           0.0622385           0.0632589           0.0642792           0.0652995           0.0663198           0.0673401           0.0683604           0.0693807            0.070401           0.0714213           0.0724416           0.0734619           0.0744822           0.0755025           0.0765228           0.0775431           0.0785634           0.0795837            0.080604           0.0816243           0.0826446           0.0836649           0.0846852           0.0857055           0.0867258           0.0877461           0.0887665           0.0897868           0.0908071           0.0918274           0.0928477            0.093868           0.0948883           0.0959086           0.0969289           0.0979492           0.0989695           0.0999898             0.10101
                   0          0.00112233          0.00224467            0.003367          0.00448934          0.00561167          0.00673401          0.00785634          0.00897868            0.010101           0.0112233           0.0123457            0.013468           0.0145903           0.0157127            0.016835           0.0179574           0.0190797            0.020202           0.0213244           0.0224467            0.023569           0.0246914           0.0258137            0.026936           0.0280584           0.0291807            0.030303           0.0314254           0.0325477             0.03367           0.0347924           0.0359147            0.037037           0.0381594           0.0392817            0.040404           0.0415264           0.0426487            0.043771           0.0448934           0.0460157            0.047138           0.0482604           0.0493827           0.0505051           0.0516274           0.0527497           0.0538721           0.0549944           0.0561167           0.0572391           0.0583614           0.0594837           0.0606061           0.0617284           0.0628507           0.0639731           0.0650954           0.0662177           0.0673401           0.0684624           0.0695847           0.0707071           0.0718294           0.0729517           0.0740741           0.0751964           0.0763187           0.0774411           0.0785634           0.0796857           0.0808081           0.0819304           0.0830527           0.0841751           0.0852974           0.0864198           0.0875421           0.0886644           0.0897868           0.0909091           0.0920314           0.0931538           0.0942761           0.0953984           0.0965208           0.0976431           0.0987654           0.0998878             0.10101            0.102132            0.103255            0.104377            0.105499            0.106622            0.107744            0.108866            0.109989            0.111111
                   0          0.00122436          0.00244873          0.00367309          0.00489746          0.00612182          0.00734619          0.00857055          0.00979492           0.0110193           0.0122436            0.013468           0.0146924           0.0159167           0.0171411           0.0183655           0.0195898           0.0208142           0.0220386           0.0232629           0.0244873           0.0257117            0.026936           0.0281604           0.0293848           0.0306091           0.0318335           0.0330579           0.0342822           0.0355066           0.0367309           0.0379553           0.0391797            0.040404           0.0416284           0.0428528           0.0440771           0.0453015           0.0465259           0.0477502           0.0489746            0.050199           0.0514233           0.0526477           0.0538721           0.0550964           0.0563208           0.0575451           0.0587695           0.0599939           0.0612182           0.0624426            0.063667           0.0648913           0.0661157           0.0673401           0.0685644           0.0697888           0.0710132           0.0722375           0.0734619           0.0746863           0.0759106            0.077135           0.0783594           0.0795837           0.0808081           0.0820324           0.0832568           0.0844812           0.0857055           0.0869299           0.0881543           0.0893786            0.090603           0.0918274           0.0930517           0.0942761           0.0955005           0.0967248           0.0979492           0.0991736            0.100398            0.101622            0.102847            0.104071            0.105295             0.10652            0.107744            0.108968            0.110193            0.111417            0.112642            0.113866             0.11509            0.116315            0.117539            0.118763            0.119988            0.121212
                   0           0.0013264          0.00265279          0.00397919          0.00530558          0.00663198          0.00795837          0.00928477           0.0106112           0.0119376            0.013264           0.0145903           0.0159167           0.0172431           0.0185695           0.0198959           0.0212223           0.0225487           0.0238751           0.0252015           0.0265279           0.0278543           0.0291807           0.0305071           0.0318335           0.0331599           0.0344863           0.0358127           0.0371391           0.0384655           0.0397919           0.0411183           0.0424446            0.043771           0.0450974           0.0464238           0.0477502           0.0490766            0.050403           0.0517294           0.0530558           0.0543822           0.0557086            0.057035           0.0583614           0.0596878           0.0610142           0.0623406            0.063667           0.0649934           0.0663198           0.0676462           0.0689726           0.0702989           0.0716253           0.0729517           0.0742781           0.0756045           0.0769309           0.0782573           0.0795837           0.0809101           0.0822365           0.0835629           0.0848893           0.0862157           0.0875421           0.0888685           0.0901949           0.0915213           0.0928477           0.0941741           0.0955005           0.0968269           0.0981532           0.0994796            0.100806            0.102132            0.103459            0.104785            0.106112            0.107438            0.108764            0.110091            0.111417            0.112744             0.11407            0.115396            0.116723            0.118049            0.119376            0.120702            0.122028            0.123355            0.124681            0.126008            0.127334             0.12866            0.129987            0.131313
                   0          0.00142843          0.00285685          0.00428528           0.0057137          0.00714213          0.00857055          0.00999898           0.0114274           0.0128558           0.0142843           0.0157127           0.0171411           0.0185695            0.019998           0.0214264           0.0228548           0.0242832           0.0257117           0.0271401           0.0285685           0.0299969           0.0314254           0.0328538           0.0342822           0.0357106           0.0371391           0.0385675           0.0399959           0.0414243           0.0428528           0.0442812           0.0457096            0.047138           0.0485665           0.0499949           0.0514233           0.0528517           0.0542802           0.0557086            0.057137           0.0585655           0.0599939           0.0614223           0.0628507           0.0642792           0.0657076            0.067136           0.0685644           0.0699929           0.0714213           0.0728497           0.0742781           0.0757066            0.077135           0.0785634           0.0799918           0.0814203           0.0828487           0.0842771           0.0857055            0.087134           0.0885624           0.0899908           0.0914192           0.0928477           0.0942761           0.0957045           0.0971329           0.0985614           0.0999898            0.101418            0.102847            0.104275            0.105703            0.107132             0.10856            0.109989            0.111417            0.112846            0.114274            0.115702            0.117131            0.118559            0.119988            0.121416            0.122845            0.124273            0.125701             0.12713            0.128558            0.129987            0.131415            0.132844            0.134272              0.1357            0.137129            0.138557            0.139986            0.141414
                   0          0.00153046          0.00306091          0.00459137          0.00612182          0.00765228          0.00918274           0.0107132           0.0122436           0.0137741           0.0153046            0.016835           0.0183655           0.0198959           0.0214264           0.0229568           0.0244873           0.0260178           0.0275482           0.0290787           0.0306091           0.0321396             0.03367           0.0352005           0.0367309           0.0382614           0.0397919           0.0413223           0.0428528           0.0443832           0.0459137           0.0474441           0.0489746           0.0505051           0.0520355            0.053566           0.0550964           0.0566269           0.0581573           0.0596878           0.0612182           0.0627487           0.0642792           0.0658096           0.0673401           0.0688705            0.070401           0.0719314           0.0734619           0.0749923           0.0765228           0.0780533           0.0795837           0.0811142           0.0826446           0.0841751           0.0857055            0.087236           0.0887665           0.0902969           0.0918274           0.0933578           0.0948883           0.0964187           0.0979492           0.0994796             0.10101            0.102541            0.104071            0.105601            0.107132            0.108662            0.110193            0.111723            0.113254            0.114784            0.116315            0.117845            0.119376            0.120906            0.122436            0.123967            0.125497            0.127028            0.128558            0.130089            0.131619             0.13315             0.13468            0.136211            0.137741            0.139272            0.140802            0.142332            0.143863            0.145393            0.146924            0.148454            0.149985            0.151515
                   0          0.00163249          0.00326497          0.00489746          0.00652995          0.00816243          0.00979492           0.0114274           0.0130599           0.0146924           0.0163249           0.0179574           0.0195898           0.0212223           0.0228548           0.0244873           0.0261198           0.0277523           0.0293848           0.0310172           0.0326497           0.0342822           0.0359147           0.0375472           0.0391797           0.0408122           0.0424446           0.0440771           0.0457096           0.0473421           0.0489746           0.0506071           0.0522396           0.0538721           0.0555045            0.057137           0.0587695            0.060402           0.0620345            0.063667           0.0652995           0.0669319           0.0685644           0.0701969           0.0718294           0.0734619           0.0750944           0.0767269           0.0783594           0.0799918           0.0816243           0.0832568           0.0848893           0.0865218           0.0881543           0.0897868           0.0914192           0.0930517           0.0946842           0.0963167           0.0979492           0.0995817            0.101214            0.102847            0.104479            0.106112            0.107744            0.109377            0.111009            0.112642            0.114274            0.115907            0.117539            0.119172            0.120804            0.122436            0.124069            0.125701            0.127334            0.128966            0.130599            0.132231            0.133864            0.135496            0.137129            0.138761            0.140394            0.142026            0.143659            0.145291            0.146924            0.148556            0.150189            0.151821            0.153454            0.155086            0.156719            0.158351            0.159984            0.161616
                   0          0.00173452          0.00346903          0.00520355          0.00693807          0.00867258           0.0104071           0.0121416           0.0138761           0.0156107           0.0173452           0.0190797           0.0208142           0.0225487           0.0242832           0.0260178           0.0277523           0.0294868           0.0312213           0.0329558           0.0346903           0.0364249           0.0381594           0.0398939           0.0416284           0.0433629           0.0450974            0.046832           0.0485665            0.050301           0.0520355             0.05377           0.0555045           0.0572391           0.0589736           0.0607081           0.0624426           0.0641771           0.0659116           0.0676462           0.0693807           0.0711152           0.0728497           0.0745842           0.0763187           0.0780533           0.0797878           0.0815223           0.0832568           0.0849913           0.0867258           0.0884604           0.0901949           0.0919294           0.0936639           0.0953984           0.0971329           0.0988675            0.100602            0.102336            0.104071            0.105806             0.10754            0.109275            0.111009            0.112744            0.114478            0.116213            0.117947            0.119682            0.121416            0.123151            0.124885             0.12662            0.128354            0.130089            0.131823            0.133558            0.135292            0.137027            0.138761            0.140496             0.14223            0.143965            0.145699            0.147434            0.149168            0.150903            0.152637            0.154372            0.156107            0.157841            0.159576             0.16131            0.163045            0.164779            0.166514            0.168248            0.169983            0.171717
                   0          0.00183655          0.00367309          0.00550964          0.00734619          0.00918274           0.0110193           0.0128558           0.0146924           0.0165289           0.0183655            0.020202           0.0220386           0.0238751           0.0257117           0.0275482           0.0293848           0.0312213           0.0330579           0.0348944           0.0367309           0.0385675            0.040404           0.0422406           0.0440771           0.0459137           0.0477502           0.0495868           0.0514233           0.0532599           0.0550964            0.056933           0.0587695           0.0606061           0.0624426           0.0642792           0.0661157           0.0679522           0.0697888           0.0716253           0.0734619           0.0752984            0.077135           0.0789715           0.0808081           0.0826446           0.0844812           0.0863177           0.0881543           0.0899908           0.0918274           0.0936639           0.0955005            0.097337           0.0991736             0.10101            0.102847            0.104683             0.10652            0.108356            0.110193            0.112029            0.113866            0.115702            0.117539            0.119376            0.121212            0.123049            0.124885            0.126722            0.128558            0.130395            0.132231            0.134068            0.135904            0.137741            0.139578            0.141414            0.143251            0.145087            0.146924             0.14876            0.150597            0.152433             0.15427            0.156107            0.157943             0.15978            0.161616            0.163453            0.165289            0.167126            0.168962            0.170799            0.172635            0.174472            0.176309            0.178145            0.179982            0.181818
