0                   0                   0                   0                   0                   0                   0                   0                   0                   0                   0                   0                   0                   0                   0                   0                   0                   0                   0                   0                   0                   0                   0                   0                   0                   0                   0                   0                   0                   0                   0                   0                   0                   0                   0                   0                   0                   0                   0                   0                   0                   0                   0                   0                   0                   0                   0                   0                   0                   0                   0                   0                   0                   0                   0                   0                   0                   0                   0                   0                   0                   0                   0                   0                   0                   0                   0                   0                   0                   0                   0                   0                   0                   0                   0                   0                   0                   0                   0                   0                   0                   0                   0                   0                   0                   0                   0                   0                   0                   0                   0                   0                   0                   0                   0                   0                   0                   0                   0                   0
                   0         4.15656e-14         8.84167e-14         1.47063e-13         2.26716e-13         3.41327e-13         5.12575e-13         7.74396e-13         1.17987e-12         1.81173e-12          2.7983e-12         4.33756e-12         6.73337e-12         1.04495e-11         1.61897e-11         2.50167e-11         3.85254e-11         5.90971e-11         9.02675e-11         1.37257e-10          2.0773e-10         3.12882e-10         4.68966e-10         6.99458e-10         1.03807e-09         1.53296e-09         2.25251e-09         3.29332e-09         4.79107e-09         6.93524e-09         9.98906e-09         1.43161e-08         2.04156e-08         2.89695e-08          4.0904e-08         5.74699e-08         8.03465e-08         1.11776e-07         1.54737e-07         2.13158e-07         2.92198e-07         3.98589e-07         5.41067e-07         7.30898e-07         9.82535e-07          1.3144e-06         1.74986e-06         2.31834e-06         3.05671e-06         4.01088e-06         5.23767e-06         6.80698e-06         8.80429e-06         1.13335e-05         1.45199e-05         1.85142e-05         2.34959e-05         2.96776e-05         3.73098e-05         4.66852e-05         5.81441e-05         7.20789e-05         8.89392e-05         0.000109237         0.000133549         0.000162524         0.000196882         0.000237419         0.000285006         0.000340589         0.000405185         0.000479879         0.000565818         0.000664199         0.000776258         0.000903258          0.00104647          0.00120716          0.00138655          0.00158582          0.00180607          0.00204828          0.00231332          0.00260189          0.00291451          0.00325149          0.00361291          0.00399861          0.00440817          0.00484089           0.0052958          0.00577166          0.00626694          0.00677986           0.0073084          0.00785033           0.0084032          0.00896443           0.0095313            0.010101
                   0         8.84167e-14         1.87404e-13         3.09982e-13         4.74574e-13          7.0908e-13         1.05686e-12         1.58579e-12         2.40203e-12         3.67103e-12         5.64945e-12         8.73327e-12         1.35302e-11         2.09676e-11         3.24534e-11         5.01126e-11         7.71353e-11         1.18284e-10          1.8063e-10         2.74614e-10         4.15567e-10         6.25874e-10         9.38048e-10         1.39904e-09         2.07627e-09         3.06605e-09         4.50516e-09         6.58679e-09         9.58228e-09         1.38706e-08         1.99783e-08         2.86323e-08         4.08313e-08         5.79392e-08         8.18083e-08          1.1494e-07         1.60693e-07         2.23553e-07         3.09474e-07         4.26316e-07         5.84396e-07         7.97179e-07         1.08213e-06          1.4618e-06         1.96507e-06         2.62881e-06         3.49972e-06         4.63668e-06         6.11343e-06         8.02176e-06         1.04753e-05          1.3614e-05         1.76086e-05         2.26669e-05         2.90398e-05         3.70284e-05         4.69917e-05         5.93552e-05         7.46195e-05         9.33704e-05         0.000116288         0.000144158         0.000177878         0.000218473         0.000267098         0.000325047         0.000393764         0.000474838         0.000570012         0.000681177         0.000810369         0.000959758          0.00113164           0.0013284          0.00155252          0.00180652          0.00209294          0.00241432           0.0027731          0.00317164          0.00361214          0.00409657          0.00462665          0.00520379          0.00582902          0.00650297          0.00722581          0.00799722          0.00881634          0.00968178           0.0105916           0.0115433           0.0125339           0.0135597           0.0146168           0.0157007           0.0168064           0.0179289           0.0190626            0.020202
                   0         1.47063e-13         3.09982e-13         5.08286e-13         7.69612e-13         1.13581e-12         1.67192e-12         2.47975e-12         3.71854e-12         5.63649e-12         8.61855e-12         1.32587e-11         2.04685e-11         3.16391e-11         4.88823e-11         7.53855e-11         1.15934e-10         1.77672e-10         2.71205e-10         4.12195e-10         6.23639e-10         9.39115e-10         1.40739e-09         2.09889e-09         3.11475e-09         4.59944e-09         6.75812e-09         9.88057e-09         1.43738e-08         2.08064e-08         2.99678e-08         4.29489e-08         6.12474e-08         8.69092e-08         1.22713e-07          1.7241e-07          2.4104e-07          3.3533e-07         4.64211e-07         6.39474e-07         8.76595e-07         1.19577e-06          1.6232e-06          2.1927e-06         2.94761e-06         3.94321e-06         5.24959e-06         6.95503e-06         9.17014e-06         1.20326e-05          1.5713e-05         2.04209e-05         2.64129e-05         3.40004e-05         4.35597e-05         5.55426e-05         7.04876e-05         8.90327e-05         0.000111929         0.000140056         0.000174432         0.000216237         0.000266818          0.00032771         0.000400646         0.000487571         0.000590646         0.000712257         0.000855018          0.00102177          0.00121555          0.00143964          0.00169745           0.0019926          0.00232877          0.00270977          0.00313941          0.00362148          0.00415965          0.00475746          0.00541821          0.00614485          0.00693997          0.00780568          0.00874353          0.00975446           0.0108387           0.0119958           0.0132245           0.0145227           0.0158874            0.017315           0.0188008           0.0203396           0.0219252            0.023551           0.0252096           0.0268933           0.0285939            0.030303
                   0         2.26716e-13         4.74574e-13         7.69612e-13         1.14868e-12         1.66757e-12         2.41302e-12         3.52076e-12         5.20311e-12         7.79101e-12         1.17977e-11         1.80152e-11         2.76589e-11         4.25837e-11         6.56052e-11         1.00973e-10         1.55069e-10         2.37416e-10         3.62158e-10         5.50176e-10         8.32131e-10          1.2528e-09         1.87719e-09         2.79922e-09         4.15374e-09         6.13335e-09         9.01162e-09         1.31749e-08          1.9166e-08         2.77427e-08          3.9958e-08         5.72661e-08         8.16642e-08          1.1588e-07         1.63618e-07         2.29882e-07         3.21388e-07         4.47108e-07         6.18949e-07         8.52634e-07         1.16879e-06         1.59436e-06         2.16427e-06          2.9236e-06         3.93014e-06         5.25762e-06         6.99945e-06         9.27337e-06         1.22269e-05         1.60435e-05         2.09507e-05         2.72279e-05         3.52172e-05         4.53338e-05         5.80797e-05         7.40569e-05         9.39835e-05          0.00011871         0.000149239         0.000186741         0.000232576         0.000288315         0.000355757         0.000436946         0.000534195         0.000650095         0.000787528         0.000949676          0.00114002          0.00136235          0.00162074          0.00191952          0.00226327          0.00265679          0.00310503          0.00361303          0.00418588          0.00482863           0.0055462          0.00634329          0.00722428          0.00819313           0.0092533           0.0104076            0.011658           0.0130059           0.0144516           0.0159944           0.0176327           0.0193636           0.0211832           0.0230866           0.0250678           0.0271194           0.0292336           0.0314013           0.0336128           0.0358577           0.0381252            0.040404
                   0         3.41327e-13          7.0908e-13         1.13581e-12         1.66757e-12         2.37413e-12         3.36387e-12         4.80647e-12         6.96735e-12         1.02601e-11         1.53265e-11         2.31563e-11         3.52688e-11         5.39828e-11         8.28175e-11         1.27086e-10         1.94763e-10         2.97755e-10         4.53741e-10         6.88821e-10         1.04132e-09         1.56721e-09         2.34777e-09         3.50036e-09         5.19356e-09         7.66814e-09          1.1266e-08         1.64702e-08         2.39591e-08         3.46801e-08         4.99493e-08         7.15844e-08         1.02082e-07         1.44852e-07         2.04525e-07         2.87354e-07         4.01737e-07         5.58887e-07         7.73689e-07         1.06579e-06           1.461e-06         1.99295e-06         2.70534e-06          3.6545e-06         4.91268e-06         6.57203e-06         8.74932e-06         1.15917e-05         1.52836e-05         2.00544e-05         2.61884e-05         3.40349e-05         4.40214e-05         5.66673e-05         7.25996e-05         9.25711e-05         0.000117479         0.000148388         0.000186549         0.000233426         0.000290721         0.000360394         0.000444696         0.000546183         0.000667744         0.000812619          0.00098441          0.00118709          0.00142503          0.00170294          0.00202592           0.0023994          0.00282909          0.00332099          0.00388129          0.00451629          0.00523236          0.00603579          0.00693275          0.00792911          0.00903035           0.0102414           0.0115666           0.0130095           0.0145726           0.0162574           0.0180645            0.019993           0.0220408           0.0242045            0.026479           0.0288583           0.0313347           0.0338993            0.036542           0.0392516            0.042016           0.0448222           0.0476565           0.0505051
                   0         5.12575e-13         1.05686e-12         1.67192e-12         2.41302e-12         3.36387e-12         4.65454e-12         6.48864e-12         9.18468e-12          1.3239e-11         1.94216e-11         2.89204e-11         4.35584e-11         6.61181e-11         1.00823e-10         1.54048e-10         2.35363e-10         3.59057e-10         5.46342e-10         8.28542e-10         1.25165e-09         1.88282e-09         2.81958e-09          4.2028e-09         6.23475e-09         9.20434e-09         1.35219e-08          1.9767e-08         2.87538e-08         4.16191e-08         5.99422e-08         8.59045e-08         1.22502e-07         1.73826e-07         2.45433e-07         3.44828e-07         4.82089e-07         6.70668e-07         9.28431e-07         1.27896e-06          1.7532e-06         2.39155e-06         3.24641e-06          4.3854e-06         5.89522e-06         7.88644e-06         1.04992e-05         1.39101e-05         1.83403e-05         2.40653e-05          3.1426e-05         4.08419e-05         5.28257e-05         6.80007e-05         8.71195e-05         0.000111085         0.000140975         0.000178066         0.000223859         0.000280111         0.000348865         0.000432473         0.000533635         0.000655419         0.000801293         0.000975142          0.00118129          0.00142451          0.00171004          0.00204353          0.00243111          0.00287928          0.00339491          0.00398519          0.00465755          0.00541955          0.00627883          0.00724295           0.0083193          0.00951493           0.0108364           0.0122897           0.0138799           0.0156114           0.0174871           0.0195089           0.0216774           0.0239917            0.026449           0.0290453           0.0317748             0.03463           0.0376016           0.0406792           0.0438504            0.047102           0.0504192           0.0537866           0.0571878           0.0606061
                   0         7.74396e-13         1.58579e-12         2.47975e-12         3.52076e-12         4.80647e-12         6.48864e-12         8.80483e-12         1.21266e-11         1.70331e-11         2.44225e-11         3.56807e-11         5.29348e-11         7.94309e-11         1.20096e-10         1.82368e-10         2.77412e-10         4.21898e-10         6.40575e-10         9.69983e-10         1.46378e-09         2.20032e-09          3.2934e-09         4.90732e-09         7.27811e-09         1.07428e-08         1.57802e-08         2.30663e-08          3.3551e-08         4.85607e-08         6.99379e-08         1.00227e-07         1.42924e-07         2.02802e-07         2.86345e-07         4.02306e-07         5.62443e-07         7.82453e-07         1.08318e-06         1.49212e-06         2.04541e-06         2.79015e-06         3.78749e-06         5.11631e-06         6.87777e-06         9.20085e-06         1.22491e-05         1.62284e-05          2.1397e-05         2.80762e-05         3.66637e-05         4.76489e-05           6.163e-05         7.93342e-05         0.000101639           0.0001296         0.000164471         0.000207743         0.000261168         0.000326797         0.000407009         0.000504552         0.000622574         0.000764656         0.000934842          0.00113767          0.00137817          0.00166193          0.00199504          0.00238412          0.00283629          0.00335915          0.00396073          0.00464939           0.0054338          0.00632281           0.0073253          0.00845011          0.00970585           0.0111008           0.0126425            0.014338           0.0161933           0.0182133           0.0204016           0.0227604           0.0252904           0.0279903           0.0308572           0.0338862           0.0370706           0.0404016           0.0438686            0.047459           0.0511588           0.0549523           0.0588224            0.062751           0.0667191           0.0707071
                   0         1.17987e-12         2.40203e-12         3.71854e-12         5.20311e-12         6.96735e-12         9.18468e-12         1.21266e-11         1.62177e-11           2.212e-11         3.08598e-11         4.40213e-11         6.40351e-11         9.46112e-11         1.41381e-10         2.12843e-10          3.2176e-10         4.87182e-10         7.37392e-10         1.11415e-09         1.67879e-09         2.52085e-09         3.77037e-09         5.61515e-09         8.32491e-09         1.22849e-08         1.80421e-08         2.63695e-08         3.83522e-08         5.55065e-08         7.99379e-08         1.14555e-07         1.63352e-07         2.31784e-07         3.27261e-07         4.59789e-07         6.42803e-07         8.94243e-07         1.23793e-06          1.7053e-06         2.33762e-06         3.18875e-06         4.32857e-06         5.84722e-06         7.86032e-06         1.05153e-05         1.39989e-05         1.85468e-05         2.44537e-05         3.20871e-05         4.19014e-05         5.44559e-05         7.04343e-05         9.06677e-05         0.000116159         0.000148114         0.000187967         0.000237421         0.000298478         0.000373482         0.000465153         0.000576631         0.000711513         0.000873893          0.00106839          0.00130019          0.00157506          0.00189935          0.00228005          0.00272471          0.00324148          0.00383903          0.00452654          0.00531359          0.00621006          0.00722606          0.00837177          0.00965727           0.0110924           0.0126866           0.0144486           0.0163863           0.0185066           0.0208151           0.0233161           0.0260119           0.0289033           0.0319889           0.0352654           0.0387271           0.0423664           0.0461733           0.0501355           0.0542389           0.0584672           0.0628026           0.0672256           0.0717154           0.0762504           0.0808081
                   0         1.81173e-12         3.67103e-12         5.63649e-12         7.79101e-12         1.02601e-11          1.3239e-11         1.70331e-11           2.212e-11         2.92444e-11         3.95611e-11         5.48521e-11          7.7852e-11         1.12734e-10         1.65834e-10         2.46715e-10          3.6973e-10         5.56314e-10         8.38285e-10         1.26263e-09         1.89833e-09         2.84613e-09         4.25232e-09         6.32819e-09         9.37715e-09         1.38326e-08           2.031e-08         2.96787e-08         4.31598e-08         6.24589e-08         8.99447e-08         1.28889e-07         1.83786e-07         2.60773e-07         3.68185e-07         5.17279e-07          7.2317e-07         1.00604e-06         1.39269e-06         1.91848e-06         2.62984e-06         3.58736e-06         4.86966e-06         6.57815e-06         8.84288e-06         1.18297e-05         1.57488e-05         2.08651e-05         2.75105e-05          3.6098e-05         4.71391e-05         6.12629e-05         7.92387e-05         0.000102001         0.000130679         0.000166628         0.000211463         0.000267098         0.000335788         0.000420167         0.000523297          0.00064871         0.000800453         0.000983129          0.00120194          0.00146271          0.00177194          0.00213677          0.00256505           0.0030653          0.00364666          0.00431891          0.00509236          0.00597779          0.00698632          0.00812932          0.00941824           0.0108644            0.012479           0.0142724           0.0162546           0.0184346           0.0208199            0.023417           0.0262306           0.0292634           0.0325162           0.0359875           0.0396735            0.043568           0.0476622           0.0519449           0.0564025           0.0610187           0.0657756            0.070653           0.0756288           0.0806799           0.0857817           0.0909091
                   0          2.7983e-12         5.64945e-12         8.61855e-12         1.17977e-11         1.53265e-11         1.94216e-11         2.44225e-11         3.08598e-11         3.95611e-11         5.18094e-11         6.95847e-11         9.59254e-11         1.35469e-10         1.95254e-10         2.85906e-10         4.23376e-10         6.31476e-10         9.45563e-10         1.41784e-09         2.12496e-09         3.17885e-09         4.74208e-09         7.04938e-09         1.04379e-08         1.53892e-08         2.25871e-08         3.29976e-08         4.79774e-08         6.94215e-08         9.99621e-08         1.43234e-07         2.04232e-07         2.89774e-07         4.09121e-07         5.74782e-07         8.03551e-07         1.11785e-06         1.54746e-06         2.13167e-06         2.92208e-06         3.98599e-06         5.41077e-06         7.30908e-06         9.82546e-06         1.31441e-05         1.74987e-05         2.31835e-05         3.05672e-05         4.01089e-05         5.23768e-05         6.80699e-05          8.8043e-05         0.000113335         0.000145199         0.000185142         0.000234959         0.000296776         0.000373098         0.000466852         0.000581441         0.000720789         0.000889392          0.00109237          0.00133549          0.00162524          0.00196882          0.00237419          0.00285006          0.00340589          0.00405185          0.00479879          0.00565818          0.00664199          0.00776258          0.00903258           0.0104647           0.0120716           0.0138655           0.0158582           0.0180607           0.0204828           0.0231332           0.0260189           0.0291451           0.0325149           0.0361291           0.0399861           0.0440817           0.0484089            0.052958           0.0577166           0.0626694           0.0677986            0.073084           0.0785033            0.084032           0.0896443            0.095313             0.10101
                   0         4.33756e-12         8.73327e-12         1.32587e-11         1.80152e-11         2.31563e-11         2.89204e-11         3.56807e-11         4.40213e-11         5.48521e-11         6.95847e-11         9.03969e-11         1.20631e-10         1.65388e-10         2.32412e-10         3.33388e-10         4.85864e-10         7.16034e-10         1.06279e-09         1.58355e-09         2.36264e-09         3.52319e-09         5.24399e-09         7.78328e-09         1.15119e-08         1.69596e-08         2.48785e-08         3.63313e-08         5.28104e-08         7.64002e-08         1.09996e-07         1.57597e-07         2.24695e-07         3.18793e-07         4.50076e-07         6.32304e-07         8.83951e-07         1.22968e-06         1.70225e-06         2.34489e-06         3.21433e-06         4.38464e-06          5.9519e-06         8.04005e-06         1.08081e-05         1.44586e-05         1.92487e-05         2.55019e-05          3.3624e-05         4.41199e-05         5.76146e-05          7.4877e-05         9.68474e-05         0.000124668         0.000159719         0.000203657         0.000258455         0.000326454         0.000410408         0.000513538         0.000639585         0.000792868         0.000978331           0.0012016          0.00146904          0.00178776           0.0021657          0.00261161          0.00313507          0.00374647          0.00445703          0.00527867            0.006224          0.00730618          0.00853883          0.00993584           0.0115112           0.0132787           0.0152521            0.017444           0.0198668           0.0225311           0.0254466           0.0286208           0.0320596           0.0357664            0.039742           0.0439847           0.0484899           0.0532498           0.0582539           0.0634883           0.0689363           0.0745785           0.0803925           0.0863536           0.0924352           0.0986087            0.104844            0.111111
                   0         6.73337e-12         1.35302e-11         2.04685e-11         2.76589e-11         3.52688e-11         4.35584e-11         5.29348e-11         6.40351e-11          7.7852e-11         9.59254e-11         1.20631e-10         1.55615e-10         2.06443e-10         2.81561e-10         3.93719e-10         5.62058e-10         8.15153e-10         1.19543e-09         1.76554e-09         2.61746e-09         3.88551e-09         5.76475e-09         8.53689e-09         1.26065e-08         1.85514e-08         2.71922e-08         3.96882e-08         5.76674e-08         8.34037e-08         1.20056e-07         1.71986e-07         2.45186e-07          3.4784e-07          4.9106e-07         6.89857e-07         9.64383e-07         1.34155e-06         1.85708e-06         2.55814e-06         3.50663e-06         4.78333e-06         6.49306e-06         8.77105e-06         1.17907e-05         1.57731e-05         2.09986e-05         2.78204e-05         3.66808e-05         4.81309e-05         6.28524e-05         8.16841e-05         0.000105652         0.000136002         0.000174239         0.000222171         0.000281951         0.000356131         0.000447717         0.000560223          0.00069773         0.000864947          0.00106727          0.00131084          0.00160259          0.00195028          0.00236258          0.00284903          0.00342007          0.00408706          0.00486222          0.00575855          0.00678982          0.00797038          0.00931509           0.0108391           0.0125577           0.0144859           0.0166386           0.0190299           0.0216728           0.0245794           0.0277599           0.0312227           0.0349741           0.0390178           0.0433549           0.0479833            0.052898           0.0580907           0.0635497           0.0692599           0.0752033           0.0813583           0.0877009            0.094204            0.100838            0.107573            0.114376            0.121212
                   0         1.04495e-11         2.09676e-11         3.16391e-11         4.25837e-11         5.39828e-11         6.61181e-11         7.94309e-11         9.46112e-11         1.12734e-10         1.35469e-10         1.65388e-10         2.06443e-10         2.64661e-10         3.49194e-10         4.73853e-10         6.59375e-10         9.36717e-10         1.35184e-09         1.97261e-09         2.89868e-09         4.27555e-09         6.31456e-09         9.32086e-09         1.37328e-08         2.01762e-08         2.95403e-08         4.30807e-08         6.25613e-08         9.04455e-08         1.30155e-07         1.86416e-07         2.65719e-07         3.76931e-07         5.32089e-07         7.47455e-07         1.04486e-06         1.45346e-06         2.01195e-06         2.77144e-06         3.79897e-06         5.18207e-06         7.03429e-06          9.5021e-06         1.27734e-05         1.70877e-05         2.27487e-05         3.01389e-05         3.97377e-05         5.21419e-05         6.80902e-05         8.84913e-05         0.000114456         0.000147335         0.000188759         0.000240685         0.000305447         0.000385809         0.000485027         0.000606908         0.000755874         0.000937026          0.00115621          0.00142008          0.00173614          0.00211281          0.00255947          0.00308645          0.00370508          0.00442765           0.0052674          0.00623843          0.00735564          0.00863458           0.0100914           0.0117424           0.0136041           0.0156931           0.0180252           0.0206157           0.0234789           0.0266277           0.0300732           0.0338246           0.0378886           0.0422693           0.0469678           0.0519819           0.0573062           0.0629316           0.0688455           0.0750316           0.0814702           0.0881382           0.0950093            0.102054            0.109242            0.116538            0.123907            0.131313
                   0         1.61897e-11         3.24534e-11         4.88823e-11         6.56052e-11         8.28175e-11         1.00823e-10         1.20096e-10         1.41381e-10         1.65834e-10         1.95254e-10         2.32412e-10         2.81561e-10         3.49194e-10         4.45165e-10          5.8435e-10          7.8908e-10         1.09269e-09         1.54469e-09         2.21814e-09         3.22038e-09         4.70811e-09         6.90889e-09         1.01514e-08         1.49076e-08         2.18516e-08          3.1941e-08         4.65279e-08         6.75119e-08          9.7546e-08         1.40315e-07         2.00909e-07         2.86317e-07         4.06088e-07         5.73187e-07         8.05125e-07         1.12541e-06         1.56545e-06         2.16691e-06         2.98482e-06          4.0914e-06         5.58089e-06         7.57559e-06         1.02332e-05         1.37562e-05         1.84024e-05         2.44988e-05         3.24575e-05         4.27947e-05         5.61531e-05         7.33282e-05         9.52985e-05         0.000123261         0.000158669          0.00020328           0.0002592         0.000328943         0.000415487         0.000522337         0.000653594         0.000814018          0.00100911          0.00124515          0.00152931          0.00186968          0.00227533          0.00275635          0.00332387          0.00399008          0.00476824          0.00567259          0.00671831          0.00792145          0.00929878           0.0108676           0.0126456           0.0146506           0.0169002           0.0194117           0.0222015            0.025285            0.028676           0.0323865           0.0364265           0.0408031           0.0455208           0.0505807           0.0559805           0.0617144           0.0677725           0.0741413           0.0808032           0.0877371           0.0949181            0.102318            0.109905            0.117645            0.125502            0.133438            0.141414
                   0         2.50167e-11         5.01126e-11         7.53855e-11         1.00973e-10         1.27086e-10         1.54048e-10         1.82368e-10         2.12843e-10         2.46715e-10         2.85906e-10         3.33388e-10         3.93719e-10         4.73853e-10          5.8435e-10         7.41147e-10         9.68171e-10         1.30114e-09         1.79309e-09         2.52232e-09         3.60382e-09         5.20548e-09         7.57114e-09         1.10529e-08         1.61565e-08         2.36042e-08         3.44219e-08         5.00585e-08          7.2549e-08         1.04736e-07         1.50568e-07         2.15497e-07         3.07014e-07         4.35347e-07          6.1439e-07         8.62902e-07         1.20608e-06         1.67755e-06         2.32198e-06         3.19832e-06         4.38395e-06         5.97984e-06         8.11703e-06         1.09645e-05         1.47391e-05         1.97172e-05         2.62491e-05         3.47763e-05         4.58519e-05         6.01644e-05         7.85663e-05         0.000102106         0.000132066         0.000170003           0.0002178         0.000277715         0.000352439         0.000445165         0.000559648          0.00070028         0.000872163          0.00108118          0.00133409          0.00163855          0.00200323          0.00243786          0.00295323          0.00356129          0.00427509          0.00510883          0.00607777          0.00719819          0.00848727          0.00996298           0.0116439           0.0135489           0.0156971           0.0181074           0.0207983           0.0237873            0.027091           0.0307243           0.0346999           0.0390284           0.0437177           0.0487723           0.0541936           0.0599791           0.0661225           0.0726134           0.0794371           0.0865749           0.0940041            0.101698            0.109626            0.117755            0.126048            0.134466            0.142969            0.151515
                   0         3.85254e-11         7.71353e-11         1.15934e-10         1.55069e-10         1.94763e-10         2.35363e-10         2.77412e-10          3.2176e-10          3.6973e-10         4.23376e-10         4.85864e-10         5.62058e-10         6.59375e-10          7.8908e-10         9.68171e-10         1.22217e-09         1.58918e-09         2.12577e-09         2.91546e-09         4.08089e-09         5.80117e-09         8.33638e-09         1.20621e-08         1.75178e-08         2.54739e-08         3.70246e-08         5.37154e-08         7.77171e-08         1.12062e-07         1.60961e-07         2.30231e-07          3.2786e-07         4.64761e-07         6.55752e-07         9.20843e-07         1.28691e-06         1.78982e-06         2.47723e-06           3.412e-06         4.67668e-06         6.37898e-06         8.65866e-06          1.1696e-05         1.57222e-05         2.10322e-05         2.79995e-05         3.70953e-05         4.89092e-05          6.4176e-05         8.38046e-05         0.000108914         0.000140871         0.000181337         0.000232321         0.000296229         0.000375936         0.000474843         0.000596958         0.000746966         0.000930308          0.00115326          0.00142303          0.00174779          0.00213678          0.00260038          0.00315011          0.00379871           0.0045601          0.00544942          0.00648296          0.00767807          0.00905309           0.0106272           0.0124201           0.0144521           0.0167435           0.0193145           0.0221848           0.0253731           0.0288971           0.0327725           0.0370132           0.0416303           0.0466322           0.0520238           0.0578065           0.0639778           0.0705307           0.0774543           0.0847329           0.0923466            0.100271            0.108478            0.116934            0.125605            0.134451            0.143431            0.152501            0.161616
                   0         5.90971e-11         1.18284e-10         1.77672e-10         2.37416e-10         2.97755e-10         3.59057e-10         4.21898e-10         4.87182e-10         5.56314e-10         6.31476e-10         7.16034e-10         8.15153e-10         9.36717e-10         1.09269e-09         1.30114e-09         1.58918e-09         1.99729e-09         2.58558e-09         3.44279e-09         4.69923e-09         6.54519e-09         9.25701e-09         1.32338e-08         1.90486e-08         2.75201e-08         3.98109e-08          5.7563e-08          8.3083e-08         1.19592e-07         1.71566e-07         2.45183e-07         3.48933e-07         4.94408e-07         6.97354e-07         9.79032e-07         1.36799e-06         1.90236e-06         2.63274e-06         3.62596e-06          4.9697e-06         6.77842e-06         9.20059e-06         1.24278e-05         1.67057e-05         2.23475e-05         2.97503e-05         3.94146e-05         5.19669e-05         6.81878e-05         8.90433e-05         0.000115722         0.000149676         0.000192672         0.000246842         0.000314745         0.000399433         0.000504522         0.000634269         0.000793652         0.000988453          0.00122534          0.00151197          0.00185703          0.00227033          0.00276291            0.003347          0.00403613           0.0048451          0.00579001          0.00688814          0.00815795          0.00961891           0.0112914           0.0131964           0.0153554             0.01779           0.0205217           0.0235714            0.026959           0.0307032           0.0348208           0.0393265           0.0442322           0.0495467           0.0552753           0.0614194           0.0679764           0.0749389           0.0822952           0.0900287           0.0981182            0.106538            0.115258            0.124243            0.133456            0.142854            0.152395            0.162032            0.171717
                   0         9.02675e-11          1.8063e-10         2.71205e-10         3.62158e-10         4.53741e-10         5.46342e-10         6.40575e-10         7.37392e-10         8.38285e-10         9.45563e-10         1.06279e-09         1.19543e-09         1.35184e-09         1.54469e-09         1.79309e-09         2.12577e-09         2.58558e-09         3.23616e-09         4.17149e-09         5.52953e-09         7.51178e-09         1.04108e-08         1.46492e-08         2.08338e-08         2.98313e-08         4.28727e-08         6.16968e-08         8.87457e-08          1.2743e-07         1.82489e-07         2.60464e-07         3.70345e-07         5.24405e-07         7.39316e-07         1.03759e-06         1.44946e-06         2.01529e-06         2.78866e-06         3.84033e-06         5.26315e-06         7.17828e-06         9.74296e-06           1.316e-05         1.76896e-05         2.36633e-05         3.15016e-05         4.17344e-05         5.50251e-05         7.22003e-05         9.42825e-05          0.00012253         0.000158482         0.000204007         0.000261363         0.000333261         0.000422931         0.000534202         0.000671581         0.000840339           0.0010466          0.00129743          0.00160091          0.00196626          0.00240388          0.00292543          0.00354388          0.00427355          0.00513011           0.0061306          0.00729333          0.00863783           0.0101847           0.0119556           0.0139726           0.0162586           0.0188365           0.0217289           0.0249579           0.0285448           0.0325092           0.0368691           0.0416398           0.0468341           0.0524612           0.0585268           0.0650323            0.071975            0.079347           0.0871361           0.0953245             0.10389            0.112805            0.122037            0.131551            0.141306            0.151258             0.16136            0.171563            0.181818
